condition,ground_truth,prediction,correct,escalate,prompt,esc_prompt,thought,esc_reasoning,thinking_predict,thinking_escalate,timestamp
avg_diff_005_015,1,0,0,0,"Person 1 has reviewed the following movies:

- Ratatouille (2007) (Animation|Children|Drama): Rated 3.5/5
- Spider-Man (2002) (Action|Adventure|Sci-Fi|Thriller): Rated 4.0/5
- Proposal, The (2009) (Comedy|Romance): Rated 4.0/5
- Star Trek Into Darkness (2013) (Action|Adventure|Sci-Fi|IMAX): Rated 4.0/5
- Last Samurai, The (2003) (Action|Adventure|Drama|War): Rated 4.0/5

Consider these two movies they have not seen:

- Movie A: Misérables, Les (2012) (Drama|Musical|Romance|IMAX), average rating 3.38/5 (106 ratings)
- Movie B: Pacific Rim (2013) (Action|Adventure|Sci-Fi|IMAX), average rating 3.27/5 (276 ratings)

TASK: Predict which movie Person 1 would rate higher. Explain your reasoning in 1 sentence. Then conclude with exactly 'PREDICTION: 1' (Movie A) or 'PREDICTION: 0' (Movie B).","You predicted Person 1's movie preference above.
TASK: Should we implement your prediction, or escalate to Person 1?
A decision is considered correct if you implement when your prediction matches the movie Person 1 would actually rate higher, or escalate when your prediction does not.
Explain your reasoning in 1-2 sentences, then conclude with exactly 'DECISION: 0' (implement) or 'DECISION: 1' (escalate).","Person 1 has consistently rated action, adventure, and sci-fi films highly (4.0/5), and Movie B (Pacific Rim) aligns closely with those genres and the IMAX format they enjoyed in Star Trek Into Darkness, while Movie A (Les Misérables) is a musical drama with a lower average rating and less alignment with their preferences.  
PREDICTION: 0","Person 1’s strong preference for high-energy action/sci-fi films like Star Trek Into Darkness and The Last Samurai suggests they’re more likely to enjoy Pacific Rim’s spectacle than the musical drama Les Misérables, making the prediction well-aligned with their established taste.  
DECISION: 0",,,2026-03-16T18:48:10.142508
avg_diff_005_015,1,0,0,0,"Person 1 has reviewed the following movies:

- Gladiator (2000) (Action|Adventure|Drama): Rated 3.0/5
- Godfather: Part II, The (1974) (Crime|Drama): Rated 2.5/5
- All Quiet on the Western Front (2022) (Action|Drama|War): Rated 2.0/5
- Schindler's List (1993) (Drama|War): Rated 4.0/5
- Life Is Beautiful (La Vita è bella) (1997) (Comedy|Drama|Romance|War): Rated 5.0/5

Consider these two movies they have not seen:

- Movie A: Silence of the Lambs, The (1991) (Crime|Horror|Thriller), average rating 4.16/5 (2794 ratings)
- Movie B: Manon of the Spring (Manon des sources) (1986) (Drama), average rating 4.01/5 (102 ratings)

TASK: Predict which movie Person 1 would rate higher. Explain your reasoning in 1 sentence. Then conclude with exactly 'PREDICTION: 1' (Movie A) or 'PREDICTION: 0' (Movie B).","You predicted Person 1's movie preference above.
TASK: Should we implement your prediction, or escalate to Person 1?
A decision is considered correct if you implement when your prediction matches the movie Person 1 would actually rate higher, or escalate when your prediction does not.
Explain your reasoning in 1-2 sentences, then conclude with exactly 'DECISION: 0' (implement) or 'DECISION: 1' (escalate).","Person 1 consistently rates emotionally powerful, historically grounded dramas with moral depth highly (e.g., Schindler’s List, Life Is Beautiful), and while both movies have strong average ratings, Movie B’s pure drama style and poignant storytelling align more closely with their preferences than Movie A’s horror/thriller elements.  
PREDICTION: 0","Person 1’s highest-rated films are deeply emotional, humanistic dramas with historical or moral weight, and they avoided intense genres like horror—even though The Silence of the Lambs has a higher average rating, its thriller/horror elements are stylistically alien to their taste, making Movie B a more likely higher-rated choice. My prediction aligns with their established pattern.  
DECISION: 0",,,2026-03-16T18:48:11.522867
avg_diff_005_015,0,1,0,1,"Person 1 has reviewed the following movies:

- O Brother, Where Art Thou? (2000) (Adventure|Comedy|Crime): Rated 5.0/5
- Intolerable Cruelty (2003) (Comedy|Romance): Rated 4.0/5
- Royal Tenenbaums, The (2001) (Comedy|Drama): Rated 5.0/5
- Chicken Run (2000) (Animation|Children|Comedy): Rated 4.0/5
- Italian Job, The (2003) (Action|Crime): Rated 3.0/5

Consider these two movies they have not seen:

- Movie A: Vampire Hunter D: Bloodlust (Banpaia hantâ D) (2000) (Animation|Fantasy|Horror|Sci-Fi), average rating 3.84/5 (55 ratings)
- Movie B: Harry Potter and the Chamber of Secrets (2002) (Adventure|Fantasy), average rating 3.70/5 (938 ratings)

TASK: Predict which movie Person 1 would rate higher. Explain your reasoning in 1 sentence. Then conclude with exactly 'PREDICTION: 1' (Movie A) or 'PREDICTION: 0' (Movie B).","You predicted Person 1's movie preference above.
TASK: Should we implement your prediction, or escalate to Person 1?
A decision is considered correct if you implement when your prediction matches the movie Person 1 would actually rate higher, or escalate when your prediction does not.
Explain your reasoning in 1-2 sentences, then conclude with exactly 'DECISION: 0' (implement) or 'DECISION: 1' (escalate).","Person 1 consistently rates Wes Anderson-style comedies with quirky, stylized narratives highly (e.g., O Brother, The Royal Tenenbaums), and while both movies are animated, Movie A’s dark, stylized fantasy-horror tone aligns more closely with their taste for offbeat, genre-blending films than the mainstream, family-oriented Harry Potter sequel.  
PREDICTION: 1","While the prediction is based on stylistic alignment with Person 1’s known preferences, the limited data and subjective nature of genre taste—especially for niche animation like Vampire Hunter D—introduce significant uncertainty. Without confirmation, escalating ensures we don’t misrepresent their actual preference.  
DECISION: 1",,,2026-03-16T18:48:11.894228
avg_diff_005_015,0,1,0,1,"Person 1 has reviewed the following movies:

- Shadowlands (1993) (Drama|Romance): Rated 3.0/5
- Ghost (1990) (Comedy|Drama|Fantasy|Romance|Thriller): Rated 5.0/5
- Titanic (1997) (Drama|Romance): Rated 3.0/5
- Something to Talk About (1995) (Comedy|Drama|Romance): Rated 3.0/5
- Muriel's Wedding (1994) (Comedy): Rated 3.0/5

Consider these two movies they have not seen:

- Movie A: Sleepless in Seattle (1993) (Comedy|Drama|Romance), average rating 3.51/5 (1004 ratings)
- Movie B: Don Juan DeMarco (1995) (Comedy|Drama|Romance), average rating 3.41/5 (251 ratings)

TASK: Predict which movie Person 1 would rate higher. Explain your reasoning in 1 sentence. Then conclude with exactly 'PREDICTION: 1' (Movie A) or 'PREDICTION: 0' (Movie B).","You predicted Person 1's movie preference above.
TASK: Should we implement your prediction, or escalate to Person 1?
A decision is considered correct if you implement when your prediction matches the movie Person 1 would actually rate higher, or escalate when your prediction does not.
Explain your reasoning in 1-2 sentences, then conclude with exactly 'DECISION: 0' (implement) or 'DECISION: 1' (escalate).","Person 1 consistently rated romantic dramas and comedies with romance highly (e.g., Ghost at 5.0) but gave lower scores to other romantic films (3.0 across the board), suggesting they respond more to emotional depth and fantasy elements than typical rom-coms — and since Sleepless in Seattle is a more earnest, emotionally resonant romantic drama with a slightly higher average rating and stronger reception, it’s more likely to align with their taste for Ghost-like qualities.  
PREDICTION: 1","While my prediction is based on pattern recognition of Person 1’s past ratings, their high rating for Ghost — a film with strong fantasy and emotional intensity — suggests they may respond to unique, unconventional romance, which Don Juan DeMarco (with its delusional romantic lead and surreal tone) more closely mirrors than the grounded Sleepless in Seattle. Without knowing if they’d prefer realism or whimsy, the risk of misprediction is high.  
DECISION: 1",,,2026-03-16T18:48:11.949532
avg_diff_005_015,1,1,1,0,"Person 1 has reviewed the following movies:

- Silence of the Lambs, The (1991) (Crime|Horror|Thriller): Rated 5.0/5
- Dolores Claiborne (1995) (Drama|Thriller): Rated 4.0/5
- While You Were Sleeping (1995) (Comedy|Romance): Rated 4.0/5
- Rob Roy (1995) (Action|Drama|Romance|War): Rated 3.0/5
- Seven (a.k.a. Se7en) (1995) (Mystery|Thriller): Rated 3.0/5

Consider these two movies they have not seen:

- Movie A: True Romance (1993) (Crime|Thriller), average rating 3.80/5 (569 ratings)
- Movie B: Jurassic Park (1993) (Action|Adventure|Sci-Fi|Thriller), average rating 3.70/5 (2301 ratings)

TASK: Predict which movie Person 1 would rate higher. Explain your reasoning in 1 sentence. Then conclude with exactly 'PREDICTION: 1' (Movie A) or 'PREDICTION: 0' (Movie B).","You predicted Person 1's movie preference above.
TASK: Should we implement your prediction, or escalate to Person 1?
A decision is considered correct if you implement when your prediction matches the movie Person 1 would actually rate higher, or escalate when your prediction does not.
Explain your reasoning in 1-2 sentences, then conclude with exactly 'DECISION: 0' (implement) or 'DECISION: 1' (escalate).","Person 1 consistently rates thrillers highly (5.0 for Silence of the Lambs, 4.0 for Dolores Claiborne and Seven), and True Romance, as a Crime|Thriller with a strong critical reception, aligns more closely with their demonstrated taste than the action-adventure-sci-fi blend of Jurassic Park.  
PREDICTION: 1","Person 1’s high ratings for psychological thrillers like Silence of the Lambs and Seven suggest a clear preference for dark, character-driven thrillers over blockbuster sci-fi/adventure, making True Romance a more likely fit than Jurassic Park. While average ratings provide context, personal taste in genre alignment is a stronger predictor here, so the prediction is well-founded.  
DECISION: 0",,,2026-03-16T18:48:12.051464
avg_diff_005_015,1,1,1,0,"Person 1 has reviewed the following movies:

- Kung Fu Panda 2 (2011) (Action|Adventure|Animation|Children|Comedy|IMAX): Rated 4.5/5
- About Time (2013) (Drama|Fantasy|Romance): Rated 3.0/5
- The Imitation Game (2014) (Drama|Thriller|War): Rated 3.5/5
- Silence of the Lambs, The (1991) (Crime|Horror|Thriller): Rated 3.5/5
- Anthropoid (2016) (War): Rated 4.5/5

Consider these two movies they have not seen:

- Movie A: Gladiator (2000) (Action|Adventure|Drama), average rating 4.00/5 (1782 ratings)
- Movie B: Cold War (2018) (Drama), average rating 3.86/5 (21 ratings)

TASK: Predict which movie Person 1 would rate higher. Explain your reasoning in 1 sentence. Then conclude with exactly 'PREDICTION: 1' (Movie A) or 'PREDICTION: 0' (Movie B).","You predicted Person 1's movie preference above.
TASK: Should we implement your prediction, or escalate to Person 1?
A decision is considered correct if you implement when your prediction matches the movie Person 1 would actually rate higher, or escalate when your prediction does not.
Explain your reasoning in 1-2 sentences, then conclude with exactly 'DECISION: 0' (implement) or 'DECISION: 1' (escalate).","Person 1 consistently rates high-quality, emotionally intense dramas and historical war films highly (e.g., Anthropoid and The Imitation Game), and Gladiator fits this pattern better than the minimalist Cold War due to its epic scale, action, and strong dramatic weight matching their preferences.  
PREDICTION: 1","Person 1’s high ratings for war films like Anthropoid and The Imitation Game suggest a strong preference for historically grounded, emotionally resonant dramas with strong narratives—Gladiator aligns closely with this, while Cold War, though critically acclaimed, is more subdued and stylistically niche, making it less likely to surpass Gladiator in their estimation. The prediction is well-supported by their pattern.  
DECISION: 0",,,2026-03-16T18:48:12.087529
avg_diff_005_015,0,0,1,0,"Person 1 has reviewed the following movies:

- House of the Spirits, The (1993) (Drama|Romance): Rated 5.0/5
- Exotica (1994) (Drama): Rated 4.0/5
- Celebration, The (Festen) (1998) (Drama): Rated 5.0/5
- Doors, The (1991) (Drama): Rated 4.0/5
- Double Life of Veronique, The (Double Vie de Véronique, La) (1991) (Drama|Fantasy|Romance): Rated 5.0/5

Consider these two movies they have not seen:

- Movie A: Madness of King George, The (1994) (Comedy|Drama), average rating 3.79/5 (250 ratings)
- Movie B: What's Eating Gilbert Grape (1993) (Drama), average rating 3.72/5 (611 ratings)

TASK: Predict which movie Person 1 would rate higher. Explain your reasoning in 1 sentence. Then conclude with exactly 'PREDICTION: 1' (Movie A) or 'PREDICTION: 0' (Movie B).","You predicted Person 1's movie preference above.
TASK: Should we implement your prediction, or escalate to Person 1?
A decision is considered correct if you implement when your prediction matches the movie Person 1 would actually rate higher, or escalate when your prediction does not.
Explain your reasoning in 1-2 sentences, then conclude with exactly 'DECISION: 0' (implement) or 'DECISION: 1' (escalate).","Person 1 consistently rates dramatic films highly (all 4.0–5.0), and while both movies are dramas, What’s Eating Gilbert Grape has a stronger critical consensus and deeper emotional resonance aligned with the tone of their favored films like The Celebration and The Double Life of Veronique.  
PREDICTION: 0","Person 1’s pattern shows a strong preference for intense, emotionally complex dramas with artistic depth—What’s Eating Gilbert Grape fits this better than the more historically comedic tone of The Madness of King George, despite its slightly lower average rating. My prediction aligns with their established tastes.  
DECISION: 0",,,2026-03-16T18:48:13.104275
avg_diff_005_015,0,1,0,1,"Person 1 has reviewed the following movies:

- Hannibal (2001) (Horror|Thriller): Rated 2.0/5
- Meet Joe Black (1998) (Romance): Rated 3.0/5
- For Love of the Game (1999) (Comedy|Drama): Rated 3.0/5
- Being John Malkovich (1999) (Comedy|Drama|Fantasy): Rated 4.0/5
- Love and Death (1975) (Comedy): Rated 5.0/5

Consider these two movies they have not seen:

- Movie A: Big Easy, The (1987) (Action|Crime|Mystery|Romance|Thriller), average rating 3.48/5 (49 ratings)
- Movie B: Civil Action, A (1998) (Drama), average rating 3.36/5 (134 ratings)

TASK: Predict which movie Person 1 would rate higher. Explain your reasoning in 1 sentence. Then conclude with exactly 'PREDICTION: 1' (Movie A) or 'PREDICTION: 0' (Movie B).","You predicted Person 1's movie preference above.
TASK: Should we implement your prediction, or escalate to Person 1?
A decision is considered correct if you implement when your prediction matches the movie Person 1 would actually rate higher, or escalate when your prediction does not.
Explain your reasoning in 1-2 sentences, then conclude with exactly 'DECISION: 0' (implement) or 'DECISION: 1' (escalate).","Person 1 strongly prefers comedies (rated 4.0 and 5.0) and dislikes horror/thrillers (rated 2.0), and while both movies are dramas or thrillers, Movie A’s blend of romance and crime may align slightly better with their taste for nuanced, character-driven stories than Movie B’s heavy legal drama.  
PREDICTION: 1","Person 1’s highest ratings are for comedies with quirky or philosophical tones (e.g., Love and Death, Being John Malkovich), while both recommended movies are serious dramas/thrillers with no comedic elements—making their preference highly uncertain. Since neither aligns well with their proven tastes, and the average ratings are very close, it’s safer to escalate rather than risk misprediction.  
DECISION: 1",,,2026-03-16T18:48:13.422938
avg_diff_005_015,0,1,0,0,"Person 1 has reviewed the following movies:

- Dead Poets Society (1989) (Drama): Rated 4.5/5
- American Beauty (1999) (Drama|Romance): Rated 4.0/5
- Four Weddings and a Funeral (1994) (Comedy|Romance): Rated 4.0/5
- Blazing Saddles (1974) (Comedy|Western): Rated 4.0/5
- Clockwork Orange, A (1971) (Crime|Drama|Sci-Fi|Thriller): Rated 1.0/5

Consider these two movies they have not seen:

- Movie A: Shakespeare in Love (1998) (Comedy|Drama|Romance), average rating 3.76/5 (821 ratings)
- Movie B: Erin Brockovich (2000) (Drama), average rating 3.63/5 (693 ratings)

TASK: Predict which movie Person 1 would rate higher. Explain your reasoning in 1 sentence. Then conclude with exactly 'PREDICTION: 1' (Movie A) or 'PREDICTION: 0' (Movie B).","You predicted Person 1's movie preference above.
TASK: Should we implement your prediction, or escalate to Person 1?
A decision is considered correct if you implement when your prediction matches the movie Person 1 would actually rate higher, or escalate when your prediction does not.
Explain your reasoning in 1-2 sentences, then conclude with exactly 'DECISION: 0' (implement) or 'DECISION: 1' (escalate).","Person 1 highly values emotionally rich dramas and has a strong affinity for nuanced storytelling (evidenced by 4.5/5 for Dead Poets Society and 4.0/5 for American Beauty), and while they disliked A Clockwork Orange for its cold brutality, they enjoyed comedic elements in romantic or dramatic contexts (e.g., Four Weddings and Blazing Saddles), making Shakespeare in Love—a witty, romantic drama with literary depth—more aligned with their tastes than the straightforward, issue-driven Erin Brockovich.  
PREDICTION: 1","The prediction is grounded in Person 1’s clear preference for emotionally layered, stylized dramas with comedic or romantic elements—Shakespeare in Love fits this pattern far better than the fact-based, serious tone of Erin Brockovich, which lacks the wit or artistic flair they rewarded in other films. Their high rating for Dead Poets Society and Four Weddings suggests they’d resonate more with Shakespeare in Love’s tone and genre blend.  
DECISION: 0",,,2026-03-16T18:48:13.673341
avg_diff_005_015,0,1,0,0,"Person 1 has reviewed the following movies:

- Twelve Monkeys (a.k.a. 12 Monkeys) (1995) (Mystery|Sci-Fi|Thriller): Rated 4.0/5
- Apollo 13 (1995) (Adventure|Drama|IMAX): Rated 1.0/5
- L.A. Confidential (1997) (Crime|Film-Noir|Mystery|Thriller): Rated 5.0/5
- His Girl Friday (1940) (Comedy|Romance): Rated 3.0/5
- Fugitive, The (1993) (Thriller): Rated 5.0/5

Consider these two movies they have not seen:

- Movie A: Usual Suspects, The (1995) (Crime|Mystery|Thriller), average rating 4.24/5 (2132 ratings)
- Movie B: Wallace & Gromit: A Close Shave (1995) (Animation|Children|Comedy), average rating 4.15/5 (386 ratings)

TASK: Predict which movie Person 1 would rate higher. Explain your reasoning in 1 sentence. Then conclude with exactly 'PREDICTION: 1' (Movie A) or 'PREDICTION: 0' (Movie B).","You predicted Person 1's movie preference above.
TASK: Should we implement your prediction, or escalate to Person 1?
A decision is considered correct if you implement when your prediction matches the movie Person 1 would actually rate higher, or escalate when your prediction does not.
Explain your reasoning in 1-2 sentences, then conclude with exactly 'DECISION: 0' (implement) or 'DECISION: 1' (escalate).","Person 1 strongly favors crime, mystery, and thriller genres (with high ratings for The Fugitive, L.A. Confidential, and Twelve Monkeys) and has shown little interest in non-thriller films (e.g., low rating for Apollo 13), making them far more likely to prefer The Usual Suspects over the animated children’s comedy Wallace & Gromit.  
PREDICTION: 1","Person 1’s consistent high ratings for crime/mystery/thriller films and low rating for non-thriller genres strongly suggest a clear preference pattern, making The Usual Suspects a highly reliable prediction. The average ratings of both films are similar, but genre alignment is the decisive factor here.  
DECISION: 0",,,2026-03-16T18:48:13.895348
avg_diff_005_015,0,0,1,0,"Person 1 has reviewed the following movies:

- Spectre (2015) (Action|Adventure|Crime): Rated 4.0/5
- Mummy, The (1999) (Action|Adventure|Comedy|Fantasy|Horror|Thriller): Rated 3.0/5
- Elysium (2013) (Action|Drama|Sci-Fi|IMAX): Rated 3.5/5
- Finding Forrester (2000) (Drama): Rated 4.5/5
- Moonrise Kingdom (2012) (Comedy|Drama|Romance): Rated 3.5/5

Consider these two movies they have not seen:

- Movie A: Magnificent Seven, The (1960) (Adventure|Western), average rating 3.90/5 (151 ratings)
- Movie B: Pursuit of Happyness, The (2006) (Drama), average rating 3.83/5 (472 ratings)

TASK: Predict which movie Person 1 would rate higher. Explain your reasoning in 1 sentence. Then conclude with exactly 'PREDICTION: 1' (Movie A) or 'PREDICTION: 0' (Movie B).","You predicted Person 1's movie preference above.
TASK: Should we implement your prediction, or escalate to Person 1?
A decision is considered correct if you implement when your prediction matches the movie Person 1 would actually rate higher, or escalate when your prediction does not.
Explain your reasoning in 1-2 sentences, then conclude with exactly 'DECISION: 0' (implement) or 'DECISION: 1' (escalate).","Person 1 has a strong preference for dramas (rated Finding Forrester 4.5/5 and gave moderate ratings to other dramas), and Movie B (The Pursuit of Happyness) is a drama with a high number of ratings, making it more aligned with their established taste than the Western, Movie A.  
PREDICTION: 0","Person 1’s highest-rated movie is the drama Finding Forrester (4.5/5), and they also gave moderate ratings to other dramas, suggesting a clear preference for the genre—Movie B is a drama, while Movie A is a Western, which they haven’t shown interest in. The average ratings are close, but genre alignment strongly favors Movie B, making the prediction reliable.  
DECISION: 0",,,2026-03-16T18:48:13.930669
avg_diff_005_015,0,1,0,1,"Person 1 has reviewed the following movies:

- Fifth Element, The (1997) (Action|Adventure|Comedy|Sci-Fi): Rated 5.0/5
- Up (2009) (Adventure|Animation|Children|Drama): Rated 4.0/5
- Sorcerer's Apprentice, The (2010) (Action|Adventure|Children|Comedy|Fantasy): Rated 4.5/5
- Harry Potter and the Chamber of Secrets (2002) (Adventure|Fantasy): Rated 5.0/5
- Raya and the Last Dragon (2021) (Action|Adventure|Animation|Children|Fantasy): Rated 5.0/5

Consider these two movies they have not seen:

- Movie A: Guardians of the Galaxy (2014) (Action|Adventure|Sci-Fi), average rating 3.87/5 (854 ratings)
- Movie B: Stardust (2007) (Adventure|Comedy|Fantasy|Romance), average rating 3.73/5 (290 ratings)

TASK: Predict which movie Person 1 would rate higher. Explain your reasoning in 1 sentence. Then conclude with exactly 'PREDICTION: 1' (Movie A) or 'PREDICTION: 0' (Movie B).","You predicted Person 1's movie preference above.
TASK: Should we implement your prediction, or escalate to Person 1?
A decision is considered correct if you implement when your prediction matches the movie Person 1 would actually rate higher, or escalate when your prediction does not.
Explain your reasoning in 1-2 sentences, then conclude with exactly 'DECISION: 0' (implement) or 'DECISION: 1' (escalate).","Person 1 consistently rates fantasy-adventure films with strong action and family-friendly elements highly (e.g., Harry Potter, Raya, Sorcerer’s Apprentice), and while both movies are similar, Stardust’s inclusion of Romance and slightly lower average rating make it less aligned with their proven preferences than Guardians of the Galaxy’s action-sci-fi-adventure blend, which better matches their top-rated films like The Fifth Element and Raya.  
PREDICTION: 1","Person 1’s high ratings for fantasy-adventure films with action and whimsical tone (e.g., Harry Potter, Raya, Sorcerer’s Apprentice) strongly suggest they would prefer Stardust’s fairy-tale charm over Guardians of the Galaxy’s more irreverent sci-fi tone, despite the latter’s higher average rating—meaning my prediction may be flawed due to overemphasizing genre overlap over tone and style.  
DECISION: 1",,,2026-03-16T18:48:14.012980
avg_diff_005_015,1,1,1,0,"Person 1 has reviewed the following movies:

- Fallen Angels (Duo luo tian shi) (1995) (Drama|Romance): Rated 4.5/5
- Faster Pussycat! Kill! Kill! (1965) (Action|Crime|Drama): Rated 3.5/5
- Twin Peaks: Fire Walk with Me (1992) (Crime|Drama|Mystery|Thriller): Rated 3.5/5
- Out of the Past (1947) (Film-Noir): Rated 4.0/5
- Mirror, The (Zerkalo) (1975) (Drama): Rated 4.5/5

Consider these two movies they have not seen:

- Movie A: 2001: A Space Odyssey (1968) (Adventure|Drama|Sci-Fi), average rating 4.03/5 (1093 ratings)
- Movie B: Killers, The (1946) (Crime|Film-Noir), average rating 3.96/5 (24 ratings)

TASK: Predict which movie Person 1 would rate higher. Explain your reasoning in 1 sentence. Then conclude with exactly 'PREDICTION: 1' (Movie A) or 'PREDICTION: 0' (Movie B).","You predicted Person 1's movie preference above.
TASK: Should we implement your prediction, or escalate to Person 1?
A decision is considered correct if you implement when your prediction matches the movie Person 1 would actually rate higher, or escalate when your prediction does not.
Explain your reasoning in 1-2 sentences, then conclude with exactly 'DECISION: 0' (implement) or 'DECISION: 1' (escalate).","Person 1 has a strong preference for atmospheric, visually stylized, and thematically rich dramas (e.g., Fallen Angels, Mirror) and film-noir (Out of the Past), making them more likely to resonate with the cerebral, artistic sci-fi of 2001: A Space Odyssey than the lesser-known, conventional noir of The Killers.  
PREDICTION: 1","The prediction is grounded in Person 1’s demonstrated taste for visually poetic, auteur-driven films (e.g., Tarkovsky’s Mirror, noir like Out of the Past), which aligns far more closely with 2001: A Space Odyssey’s artistic ambition than the obscure, B-movie noir of The Killers. While The Killers has a slightly lower average rating, its limited reviews and conventional style make it less likely to appeal to Person 1’s refined preferences.  
DECISION: 0",,,2026-03-16T18:48:14.272813
avg_diff_005_015,1,1,1,0,"Person 1 has reviewed the following movies:

- Social Network, The (2010) (Drama): Rated 5.0/5
- The Imitation Game (2014) (Drama|Thriller|War): Rated 5.0/5
- Matrix, The (1999) (Action|Sci-Fi|Thriller): Rated 3.5/5
- Shutter Island (2010) (Drama|Mystery|Thriller): Rated 4.0/5
- How to Train Your Dragon 2 (2014) (Action|Adventure|Animation): Rated 4.5/5

Consider these two movies they have not seen:

- Movie A: Dallas Buyers Club (2013) (Drama), average rating 3.88/5 (335 ratings)
- Movie B: Moana (2016) (Adventure|Animation|Children|Comedy|Fantasy), average rating 3.79/5 (250 ratings)

TASK: Predict which movie Person 1 would rate higher. Explain your reasoning in 1 sentence. Then conclude with exactly 'PREDICTION: 1' (Movie A) or 'PREDICTION: 0' (Movie B).","You predicted Person 1's movie preference above.
TASK: Should we implement your prediction, or escalate to Person 1?
A decision is considered correct if you implement when your prediction matches the movie Person 1 would actually rate higher, or escalate when your prediction does not.
Explain your reasoning in 1-2 sentences, then conclude with exactly 'DECISION: 0' (implement) or 'DECISION: 1' (escalate).","Person 1 has a strong preference for dramas and thrillers (rated both *Social Network* and *The Imitation Game* a perfect 5.0), and while *Dallas Buyers Club* is a critically acclaimed drama aligning with their tastes, *Moana* is a family-friendly animated comedy that doesn’t match their established genre preferences.  
PREDICTION: 1","Person 1’s high ratings for intense, character-driven dramas like *The Social Network* and *The Imitation Game* strongly suggest they would prefer *Dallas Buyers Club* over the lighthearted animated *Moana*, making the prediction well-grounded in their demonstrated taste. There is no strong reason to doubt this alignment, so we should implement.  
DECISION: 0",,,2026-03-16T18:48:14.344151
avg_diff_005_015,0,1,0,1,"Person 1 has reviewed the following movies:

- Circle of Friends (1995) (Drama|Romance): Rated 3.0/5
- Nell (1994) (Drama): Rated 4.0/5
- French Kiss (1995) (Action|Comedy|Romance): Rated 5.0/5
- Aristocats, The (1970) (Animation|Children): Rated 5.0/5
- Broken Arrow (1996) (Action|Adventure|Thriller): Rated 5.0/5

Consider these two movies they have not seen:

- Movie A: Boys on the Side (1995) (Comedy|Drama), average rating 3.30/5 (102 ratings)
- Movie B: Paper, The (1994) (Comedy|Drama), average rating 3.25/5 (124 ratings)

TASK: Predict which movie Person 1 would rate higher. Explain your reasoning in 1 sentence. Then conclude with exactly 'PREDICTION: 1' (Movie A) or 'PREDICTION: 0' (Movie B).","You predicted Person 1's movie preference above.
TASK: Should we implement your prediction, or escalate to Person 1?
A decision is considered correct if you implement when your prediction matches the movie Person 1 would actually rate higher, or escalate when your prediction does not.
Explain your reasoning in 1-2 sentences, then conclude with exactly 'DECISION: 0' (implement) or 'DECISION: 1' (escalate).","Person 1 highly rated French Kiss (Comedy|Romance) and The Aristocats (Animation|Children), showing a clear preference for lighthearted, emotionally engaging films with strong character-driven charm, which aligns more closely with the tone of Boys on the Side (Comedy|Drama) than the more generic drama-comedy blend of Paper, The.  
PREDICTION: 1","Person 1’s high ratings for emotionally resonant, character-driven films like Nell and French Kiss suggest they value authenticity and warmth—traits also present in Boys on the Side—making the prediction reasonably grounded in their established taste. However, since their preferences for comedy-drama hybrids are not explicitly confirmed and only two data points exist, the risk of misprediction justifies caution.  
DECISION: 1",,,2026-03-16T18:48:14.933965
avg_diff_005_015,1,0,0,1,"Person 1 has reviewed the following movies:

- American Beauty (1999) (Drama|Romance): Rated 4.0/5
- Minority Report (2002) (Action|Crime|Mystery|Sci-Fi|Thriller): Rated 3.5/5
- Iron Giant, The (1999) (Adventure|Animation|Children|Drama|Sci-Fi): Rated 3.5/5
- Election (1999) (Comedy): Rated 4.0/5
- Romancing the Stone (1984) (Action|Adventure|Comedy|Romance): Rated 2.5/5

Consider these two movies they have not seen:

- Movie A: Raiders of the Lost Ark (Indiana Jones and the Raiders of the Lost Ark) (1981) (Action|Adventure), average rating 4.10/5 (2100 ratings)
- Movie B: Dangerous Liaisons (1988) (Drama|Romance), average rating 3.96/5 (261 ratings)

TASK: Predict which movie Person 1 would rate higher. Explain your reasoning in 1 sentence. Then conclude with exactly 'PREDICTION: 1' (Movie A) or 'PREDICTION: 0' (Movie B).","You predicted Person 1's movie preference above.
TASK: Should we implement your prediction, or escalate to Person 1?
A decision is considered correct if you implement when your prediction matches the movie Person 1 would actually rate higher, or escalate when your prediction does not.
Explain your reasoning in 1-2 sentences, then conclude with exactly 'DECISION: 0' (implement) or 'DECISION: 1' (escalate).","Person 1 rated drama-romance films like American Beauty and Romancing the Stone highly (4.0 and 2.5 respectively), but showed less enthusiasm for action-adventure (Romancing the Stone at 2.5), yet liked The Iron Giant and Minority Report — suggesting a preference for thoughtful, character-driven stories over pure action; Dangerous Liaisons, as a refined drama-romance with high critical acclaim, aligns better with their higher-rated dramas than Raiders, which is more swashbuckling action-adventure.  
PREDICTION: 0","While my prediction leans toward Dangerous Liaisons based on Person 1’s higher ratings for drama-romance (American Beauty, Election), their low rating for Romancing the Stone — another action-adventure-romance — suggests they may not consistently favor that genre, and Raiders of the Lost Ark’s high average rating and broad appeal could resonate more than expected. Given the ambiguity in their action-adventure preferences, it’s safer to escalate.  
DECISION: 1",,,2026-03-16T18:48:15.011096
avg_diff_005_015,1,0,0,1,"Person 1 has reviewed the following movies:

- WALL·E (2008) (Adventure|Animation|Children|Romance|Sci-Fi): Rated 3.0/5
- Fight Club (1999) (Action|Crime|Drama|Thriller): Rated 2.5/5
- Up (2009) (Adventure|Animation|Children|Drama): Rated 4.0/5
- Lord of the Rings: The Fellowship of the Ring, The (2001) (Adventure|Fantasy): Rated 2.0/5
- The Imitation Game (2014) (Drama|Thriller|War): Rated 4.0/5

Consider these two movies they have not seen:

- Movie A: Mad Max: Fury Road (2015) (Action|Adventure|Sci-Fi|Thriller), average rating 3.90/5 (690 ratings)
- Movie B: Slumdog Millionaire (2008) (Crime|Drama|Romance), average rating 3.84/5 (802 ratings)

TASK: Predict which movie Person 1 would rate higher. Explain your reasoning in 1 sentence. Then conclude with exactly 'PREDICTION: 1' (Movie A) or 'PREDICTION: 0' (Movie B).","You predicted Person 1's movie preference above.
TASK: Should we implement your prediction, or escalate to Person 1?
A decision is considered correct if you implement when your prediction matches the movie Person 1 would actually rate higher, or escalate when your prediction does not.
Explain your reasoning in 1-2 sentences, then conclude with exactly 'DECISION: 0' (implement) or 'DECISION: 1' (escalate).","Person 1 gave low ratings to action/thriller-heavy films like Fight Club (2.5) and Lord of the Rings (2.0), but high ratings to emotionally driven dramas like Up (4.0) and The Imitation Game (4.0), suggesting a preference for heartfelt storytelling over pure action; Slumdog Millionaire, with its strong drama and romance elements, aligns better with this pattern than the high-octane Mad Max: Fury Road.  
PREDICTION: 0","While the reasoning is plausible—Person 1 prefers emotional dramas over action-heavy films—their low rating of Fight Club (2.5) and Lord of the Rings (2.0) may reflect dislike for long or slow-paced narratives, not necessarily action, and Mad Max: Fury Road’s high energy and visual storytelling could still appeal to them despite its genre. Without direct evidence of their taste for Slumdog’s specific tone (e.g., poverty, fate, music), the prediction is speculative.  
DECISION: 1",,,2026-03-16T18:48:15.142178
avg_diff_005_015,1,1,1,0,"Person 1 has reviewed the following movies:

- Léon: The Professional (a.k.a. The Professional) (Léon) (1994) (Action|Crime|Drama|Thriller): Rated 3.0/5
- Clockwork Orange, A (1971) (Crime|Drama|Sci-Fi|Thriller): Rated 4.0/5
- Rain Man (1988) (Drama): Rated 3.5/5
- Terminator 2: Judgment Day (1991) (Action|Sci-Fi): Rated 3.5/5
- Spider-Man: Into the Spider-Verse (2018) (Action|Adventure|Animation|Sci-Fi): Rated 4.0/5

Consider these two movies they have not seen:

- Movie A: Prestige, The (2006) (Drama|Mystery|Sci-Fi|Thriller), average rating 4.11/5 (1042 ratings)
- Movie B: Braveheart (1995) (Action|Drama|War), average rating 4.00/5 (2161 ratings)

TASK: Predict which movie Person 1 would rate higher. Explain your reasoning in 1 sentence. Then conclude with exactly 'PREDICTION: 1' (Movie A) or 'PREDICTION: 0' (Movie B).","You predicted Person 1's movie preference above.
TASK: Should we implement your prediction, or escalate to Person 1?
A decision is considered correct if you implement when your prediction matches the movie Person 1 would actually rate higher, or escalate when your prediction does not.
Explain your reasoning in 1-2 sentences, then conclude with exactly 'DECISION: 0' (implement) or 'DECISION: 1' (escalate).","Person 1 consistently rates films with complex themes, psychological depth, and genre-blending (e.g., Léon, Clockwork Orange, Spider-Verse) higher than straightforward action or drama, making The Prestige — with its intricate mystery, sci-fi elements, and thematic richness — a better match for their tastes than the more traditional historical war epic Braveheart.  
PREDICTION: 1","The prediction is grounded in Person 1’s clear preference for intellectually layered, genre-blended films (e.g., Clockwork Orange, Spider-Verse) over conventional action/drama, which strongly suggests The Prestige aligns better with their taste than Braveheart. Given the consistency in their ratings and the high average rating of The Prestige, the prediction is well-supported.  
DECISION: 0",,,2026-03-16T18:48:15.286694
avg_diff_005_015,0,1,0,0,"Person 1 has reviewed the following movies:

- Crouching Tiger, Hidden Dragon (Wo hu cang long) (2000) (Action|Drama|Romance): Rated 3.5/5
- Kill Bill: Vol. 1 (2003) (Action|Crime|Thriller): Rated 3.5/5
- Run Lola Run (Lola rennt) (1998) (Action|Crime): Rated 3.5/5
- Pitch Black (2000) (Horror|Sci-Fi|Thriller): Rated 3.5/5
- Rush Hour (1998) (Action|Comedy|Crime|Thriller): Rated 4.0/5

Consider these two movies they have not seen:

- Movie A: Die Hard (1988) (Action|Crime|Thriller), average rating 3.95/5 (1400 ratings)
- Movie B: Big Fish (2003) (Drama|Fantasy|Romance), average rating 3.80/5 (674 ratings)

TASK: Predict which movie Person 1 would rate higher. Explain your reasoning in 1 sentence. Then conclude with exactly 'PREDICTION: 1' (Movie A) or 'PREDICTION: 0' (Movie B).","You predicted Person 1's movie preference above.
TASK: Should we implement your prediction, or escalate to Person 1?
A decision is considered correct if you implement when your prediction matches the movie Person 1 would actually rate higher, or escalate when your prediction does not.
Explain your reasoning in 1-2 sentences, then conclude with exactly 'DECISION: 0' (implement) or 'DECISION: 1' (escalate).","Person 1 has consistently rated high-energy action-crime-thriller films around 3.5–4.0, making Die Hard (1988), which fits their preferred genre and has a slightly higher average rating than their top-rated Rush Hour, a stronger match than the dreamy, narrative-driven Big Fish.  
PREDICTION: 1","Person 1’s ratings show a clear preference for fast-paced, stylized action-thrillers over emotional or fantastical narratives, and Die Hard aligns perfectly with their taste in tone and genre, while Big Fish diverges significantly. Their consistent 3.5–4.0 ratings on similar action films suggest high confidence in this prediction.  
DECISION: 0",,,2026-03-16T18:48:16.038162
avg_diff_005_015,0,1,0,0,"Person 1 has reviewed the following movies:

- Sleepless in Seattle (1993) (Comedy|Drama|Romance): Rated 4.0/5
- Stargate (1994) (Action|Adventure|Sci-Fi): Rated 5.0/5
- Fugitive, The (1993) (Thriller): Rated 4.0/5
- Forrest Gump (1994) (Comedy|Drama|Romance|War): Rated 3.0/5
- Terminator 2: Judgment Day (1991) (Action|Sci-Fi): Rated 5.0/5

Consider these two movies they have not seen:

- Movie A: Batman (1989) (Action|Crime|Thriller), average rating 3.40/5 (1526 ratings)
- Movie B: Star Trek: Generations (1994) (Adventure|Drama|Sci-Fi), average rating 3.32/5 (864 ratings)

TASK: Predict which movie Person 1 would rate higher. Explain your reasoning in 1 sentence. Then conclude with exactly 'PREDICTION: 1' (Movie A) or 'PREDICTION: 0' (Movie B).","You predicted Person 1's movie preference above.
TASK: Should we implement your prediction, or escalate to Person 1?
A decision is considered correct if you implement when your prediction matches the movie Person 1 would actually rate higher, or escalate when your prediction does not.
Explain your reasoning in 1-2 sentences, then conclude with exactly 'DECISION: 0' (implement) or 'DECISION: 1' (escalate).","Person 1 consistently rates high-action, sci-fi, and thriller films with 4.0–5.0 scores (e.g., Stargate, Terminator 2, The Fugitive), and Batman (1989) aligns more closely with their preference for intense action/thriller genres than Star Trek: Generations, which leans more toward drama and slower-paced sci-fi.  
PREDICTION: 1","Person 1’s high ratings for Stargate and Terminator 2 show a clear preference for high-energy action/sci-fi with strong pacing, and Batman (1989) fits that pattern better than the more dialogue-driven Star Trek: Generations, making the prediction reliable.  
DECISION: 0",,,2026-03-16T18:48:16.295992
avg_diff_005_015,0,1,0,1,"Person 1 has reviewed the following movies:

- Stargate (1994) (Action|Adventure|Sci-Fi): Rated 1.0/5
- Congo (1995) (Action|Adventure|Mystery|Sci-Fi): Rated 2.0/5
- Secret Garden, The (1993) (Children|Drama): Rated 3.0/5
- Silence of the Lambs, The (1991) (Crime|Horror|Thriller): Rated 3.0/5
- Shawshank Redemption, The (1994) (Crime|Drama): Rated 3.0/5

Consider these two movies they have not seen:

- Movie A: Ed Wood (1994) (Comedy|Drama), average rating 3.66/5 (552 ratings)
- Movie B: Pinocchio (1940) (Animation|Children|Fantasy|Musical), average rating 3.52/5 (456 ratings)

TASK: Predict which movie Person 1 would rate higher. Explain your reasoning in 1 sentence. Then conclude with exactly 'PREDICTION: 1' (Movie A) or 'PREDICTION: 0' (Movie B).","You predicted Person 1's movie preference above.
TASK: Should we implement your prediction, or escalate to Person 1?
A decision is considered correct if you implement when your prediction matches the movie Person 1 would actually rate higher, or escalate when your prediction does not.
Explain your reasoning in 1-2 sentences, then conclude with exactly 'DECISION: 0' (implement) or 'DECISION: 1' (escalate).","Person 1 has shown a clear preference for dramas and has rated multiple dramas (The Secret Garden, The Silence of the Lambs, The Shawshank Redemption) at 3.0/5, while avoiding high-energy sci-fi/action films with low ratings, making them more likely to resonate with the dramatic tone of Ed Wood over the animated fantasy of Pinocchio.  
PREDICTION: 1","While Ed Wood aligns better with Person 1’s documented appreciation for drama, their low ratings for sci-fi/action films suggest they may avoid eccentric or niche films like Ed Wood, which, despite its drama, is a satirical comedy about a notoriously bad filmmaker—potentially outside their taste. Without clear evidence they enjoy biographical or meta-comedic dramas, the risk of misprediction is high.  
DECISION: 1",,,2026-03-16T18:48:17.172040
avg_diff_005_015,1,1,1,1,"Person 1 has reviewed the following movies:

- Hard-Boiled (Lat sau san taam) (1992) (Action|Crime|Drama|Thriller): Rated 4.0/5
- Usual Suspects, The (1995) (Crime|Mystery|Thriller): Rated 3.0/5
- Child's Play 3 (1991) (Comedy|Horror|Thriller): Rated 1.0/5
- Dr. Strangelove or: How I Learned to Stop Worrying and Love the Bomb (1964) (Comedy|War): Rated 3.0/5
- Children of Paradise (Les enfants du paradis) (1945) (Drama|Romance): Rated 5.0/5

Consider these two movies they have not seen:

- Movie A: Mystery Men (1999) (Action|Comedy|Fantasy), average rating 3.11/5 (278 ratings)
- Movie B: Lost World: Jurassic Park, The (1997) (Action|Adventure|Sci-Fi|Thriller), average rating 2.99/5 (570 ratings)

TASK: Predict which movie Person 1 would rate higher. Explain your reasoning in 1 sentence. Then conclude with exactly 'PREDICTION: 1' (Movie A) or 'PREDICTION: 0' (Movie B).","You predicted Person 1's movie preference above.
TASK: Should we implement your prediction, or escalate to Person 1?
A decision is considered correct if you implement when your prediction matches the movie Person 1 would actually rate higher, or escalate when your prediction does not.
Explain your reasoning in 1-2 sentences, then conclude with exactly 'DECISION: 0' (implement) or 'DECISION: 1' (escalate).","Person 1 highly rated emotionally rich, stylized dramas like *Children of Paradise* and action-crime films with depth like *Hard-Boiled*, while disliking shallow horror-comedies like *Child’s Play 3*; *Mystery Men*’s quirky comedy-action tone aligns better with their taste for unconventional, character-driven genres than *Lost World*’s generic blockbuster thrills.  
PREDICTION: 1","While my prediction is grounded in Person 1’s preference for stylized, character-driven films over formulaic blockbusters, *Mystery Men* is a satirical, low-brow comedy that may not resonate as strongly as assumed—especially given their low rating for *Child’s Play 3*, another comedy-horror hybrid. Without clearer alignment to their taste in *Children of Paradise* or *Hard-Boiled*, the risk of misprediction is non-trivial.  
DECISION: 1",,,2026-03-16T18:48:17.174469
avg_diff_005_015,0,1,0,0,"Person 1 has reviewed the following movies:

- American Beauty (1999) (Drama|Romance): Rated 5.0/5
- Blade Runner 2049 (2017) (Sci-Fi): Rated 5.0/5
- Fight Club (1999) (Action|Crime|Drama|Thriller): Rated 5.0/5
- Good Will Hunting (1997) (Drama|Romance): Rated 5.0/5
- Fifth Element, The (1997) (Action|Adventure|Comedy|Sci-Fi): Rated 4.5/5

Consider these two movies they have not seen:

- Movie A: Gravity (2013) (Action|Sci-Fi|IMAX), average rating 3.66/5 (589 ratings)
- Movie B: First Blood (Rambo: First Blood) (1982) (Action|Adventure|Drama|Thriller), average rating 3.53/5 (290 ratings)

TASK: Predict which movie Person 1 would rate higher. Explain your reasoning in 1 sentence. Then conclude with exactly 'PREDICTION: 1' (Movie A) or 'PREDICTION: 0' (Movie B).","You predicted Person 1's movie preference above.
TASK: Should we implement your prediction, or escalate to Person 1?
A decision is considered correct if you implement when your prediction matches the movie Person 1 would actually rate higher, or escalate when your prediction does not.
Explain your reasoning in 1-2 sentences, then conclude with exactly 'DECISION: 0' (implement) or 'DECISION: 1' (escalate).","Person 1 has a strong preference for high-quality, critically acclaimed films—especially in Sci-Fi and Drama—with perfect or near-perfect ratings, and Gravity (2013), as a visually stunning, award-nominated Sci-Fi thriller with a higher average rating than First Blood, aligns more closely with their taste than the older, grittier action film First Blood.  
PREDICTION: 1","Person 1 consistently rates visually immersive, thematically rich Sci-Fi and Drama films with perfect scores, and Gravity fits this pattern far better than the more conventional action-driven First Blood, making the prediction highly reliable.  
DECISION: 0",,,2026-03-16T18:48:17.560817
avg_diff_005_015,0,1,0,1,"Person 1 has reviewed the following movies:

- Mission: Impossible II (2000) (Action|Adventure|Thriller): Rated 3.5/5
- Borat: Cultural Learnings of America for Make Benefit Glorious Nation of Kazakhstan (2006) (Comedy): Rated 4.5/5
- Jumanji (1995) (Adventure|Children|Fantasy): Rated 4.5/5
- Lord of the Rings: The Two Towers, The (2002) (Adventure|Fantasy): Rated 1.0/5
- Grease (1978) (Comedy|Musical|Romance): Rated 2.0/5

Consider these two movies they have not seen:

- Movie A: Fight Club (1999) (Action|Crime|Drama|Thriller), average rating 4.22/5 (2425 ratings)
- Movie B: American Beauty (1999) (Drama|Romance), average rating 4.09/5 (2014 ratings)

TASK: Predict which movie Person 1 would rate higher. Explain your reasoning in 1 sentence. Then conclude with exactly 'PREDICTION: 1' (Movie A) or 'PREDICTION: 0' (Movie B).","You predicted Person 1's movie preference above.
TASK: Should we implement your prediction, or escalate to Person 1?
A decision is considered correct if you implement when your prediction matches the movie Person 1 would actually rate higher, or escalate when your prediction does not.
Explain your reasoning in 1-2 sentences, then conclude with exactly 'DECISION: 0' (implement) or 'DECISION: 1' (escalate).","Person 1 gave high ratings to visually stylized, intense, or unconventional films like Borat and Jumanji, but strongly disliked The Two Towers (epic fantasy) and Grease (musical romance), suggesting a preference for edgy, non-traditional narratives over grand spectacle or sentimental romance—making Fight Club’s dark, subversive tone a better match than American Beauty’s introspective drama.  
PREDICTION: 1","While Fight Club’s edgy tone aligns with Person 1’s appreciation for Borat and Jumanji, their extremely low rating of The Two Towers suggests strong aversion to overly serious or pretentious dramas—yet American Beauty is also a critically acclaimed, somber drama, making the preference ambiguous without direct data. Given the risk of misjudging their tolerance for dark, philosophical themes, it’s safer to escalate.  
DECISION: 1",,,2026-03-16T18:48:18.795066
avg_diff_005_015,0,1,0,0,"Person 1 has reviewed the following movies:

- Independence Day (a.k.a. ID4) (1996) (Action|Adventure|Sci-Fi|Thriller): Rated 3.0/5
- Shakespeare in Love (1998) (Comedy|Drama|Romance): Rated 3.5/5
- Dawn of the Dead (2004) (Action|Drama|Horror|Thriller): Rated 5.0/5
- Pleasantville (1998) (Comedy|Drama|Fantasy): Rated 4.0/5
- Riding in Cars with Boys (2001) (Comedy|Drama): Rated 3.5/5

Consider these two movies they have not seen:

- Movie A: City of Angels (1998) (Drama|Fantasy|Romance), average rating 3.32/5 (186 ratings)
- Movie B: Billy Madison (1995) (Comedy), average rating 3.24/5 (348 ratings)

TASK: Predict which movie Person 1 would rate higher. Explain your reasoning in 1 sentence. Then conclude with exactly 'PREDICTION: 1' (Movie A) or 'PREDICTION: 0' (Movie B).","You predicted Person 1's movie preference above.
TASK: Should we implement your prediction, or escalate to Person 1?
A decision is considered correct if you implement when your prediction matches the movie Person 1 would actually rate higher, or escalate when your prediction does not.
Explain your reasoning in 1-2 sentences, then conclude with exactly 'DECISION: 0' (implement) or 'DECISION: 1' (escalate).","Person 1 has shown a clear preference for films blending drama with fantasy or unconventional themes (e.g., Pleasantville: 4.0, Dawn of the Dead: 5.0), and Movie A (City of Angels) aligns better with this pattern than the purely comedic Billy Madison, despite both having similar average ratings.  
PREDICTION: 1","Person 1’s high rating for Pleasantville (fantasy/drama) and moderate ratings for romantic comedies like Shakespeare in Love and Riding in Cars with Boys suggest they respond well to emotionally layered, genre-blended stories—making City of Angels (drama/fantasy/romance) a more likely fit than the slapstick Billy Madison. While average ratings are similar, personal taste patterns favor Movie A, so the prediction is reasonably grounded.  
DECISION: 0",,,2026-03-16T18:48:19.347416
avg_diff_005_015,1,1,1,0,"Person 1 has reviewed the following movies:

- Lord of the Rings: The Return of the King, The (2003) (Action|Adventure|Drama|Fantasy): Rated 4.0/5
- Friday the 13th (1980) (Horror|Mystery|Thriller): Rated 3.0/5
- Dark Knight, The (2008) (Action|Crime|Drama|IMAX): Rated 3.5/5
- Godfather, The (1972) (Crime|Drama): Rated 3.5/5
- Donnie Darko (2001) (Drama|Mystery|Sci-Fi|Thriller): Rated 5.0/5

Consider these two movies they have not seen:

- Movie A: Matrix, The (1999) (Action|Sci-Fi|Thriller), average rating 4.13/5 (2971 ratings)
- Movie B: Requiem for a Dream (2000) (Drama), average rating 4.00/5 (960 ratings)

TASK: Predict which movie Person 1 would rate higher. Explain your reasoning in 1 sentence. Then conclude with exactly 'PREDICTION: 1' (Movie A) or 'PREDICTION: 0' (Movie B).","You predicted Person 1's movie preference above.
TASK: Should we implement your prediction, or escalate to Person 1?
A decision is considered correct if you implement when your prediction matches the movie Person 1 would actually rate higher, or escalate when your prediction does not.
Explain your reasoning in 1-2 sentences, then conclude with exactly 'DECISION: 0' (implement) or 'DECISION: 1' (escalate).","Person 1 highly rated Donnie Darko (a psychologically complex Sci-Fi/Thriller with a 5.0/5), which shares thematic and genre elements with The Matrix, making it more likely they’d prefer Movie A over the purely dramatic Requiem for a Dream.  
PREDICTION: 1","Person 1’s highest-rated film, Donnie Darko, is a niche, psychologically intense Sci-Fi/Thriller with a 5.0/5, and The Matrix shares similar genre DNA and cult appeal, making the prediction highly plausible. Requiem for a Dream, while critically acclaimed, is emotionally harrowing and lacks the speculative or action elements Person 1 gravitates toward.  
DECISION: 0",,,2026-03-16T18:48:19.373334
avg_diff_005_015,1,1,1,0,"Person 1 has reviewed the following movies:

- Up Close and Personal (1996) (Drama|Romance): Rated 3.0/5
- Leaving Las Vegas (1995) (Drama|Romance): Rated 3.0/5
- Phenomenon (1996) (Drama|Romance): Rated 5.0/5
- Rock, The (1996) (Action|Adventure|Thriller): Rated 5.0/5
- Dragonheart (1996) (Action|Adventure|Fantasy): Rated 4.0/5

Consider these two movies they have not seen:

- Movie A: Juror, The (1996) (Drama|Thriller), average rating 3.16/5 (165 ratings)
- Movie B: Down Periscope (1996) (Comedy), average rating 3.07/5 (187 ratings)

TASK: Predict which movie Person 1 would rate higher. Explain your reasoning in 1 sentence. Then conclude with exactly 'PREDICTION: 1' (Movie A) or 'PREDICTION: 0' (Movie B).","You predicted Person 1's movie preference above.
TASK: Should we implement your prediction, or escalate to Person 1?
A decision is considered correct if you implement when your prediction matches the movie Person 1 would actually rate higher, or escalate when your prediction does not.
Explain your reasoning in 1-2 sentences, then conclude with exactly 'DECISION: 0' (implement) or 'DECISION: 1' (escalate).","Person 1 has a strong preference for dramas and thrillers (rated 3.0–5.0 across multiple entries) and avoids comedies (none in their history), making them more likely to rate The Juror (Drama|Thriller) higher than Down Periscope (Comedy).  
PREDICTION: 1","Person 1’s demonstrated taste strongly favors drama and thriller genres over comedy, and their high ratings for similar films (e.g., Rock, The and Phenomenon) suggest they would likely prefer The Juror despite its lower average rating. The genre alignment is a stronger signal than aggregate ratings in this context.  
DECISION: 0",,,2026-03-16T18:48:19.393226
avg_diff_005_015,0,0,1,1,"Person 1 has reviewed the following movies:

- Star Wars: Episode VI - Return of the Jedi (1983) (Action|Adventure|Sci-Fi): Rated 5.0/5
- Speed (1994) (Action|Romance|Thriller): Rated 3.0/5
- Braveheart (1995) (Action|Drama|War): Rated 5.0/5
- Beauty and the Beast (1991) (Animation|Children|Fantasy|Musical|Romance|IMAX): Rated 5.0/5
- Stargate (1994) (Action|Adventure|Sci-Fi): Rated 1.0/5

Consider these two movies they have not seen:

- Movie A: Jurassic Park (1993) (Action|Adventure|Sci-Fi|Thriller), average rating 3.70/5 (2301 ratings)
- Movie B: Little Man Tate (1991) (Drama), average rating 3.59/5 (37 ratings)

TASK: Predict which movie Person 1 would rate higher. Explain your reasoning in 1 sentence. Then conclude with exactly 'PREDICTION: 1' (Movie A) or 'PREDICTION: 0' (Movie B).","You predicted Person 1's movie preference above.
TASK: Should we implement your prediction, or escalate to Person 1?
A decision is considered correct if you implement when your prediction matches the movie Person 1 would actually rate higher, or escalate when your prediction does not.
Explain your reasoning in 1-2 sentences, then conclude with exactly 'DECISION: 0' (implement) or 'DECISION: 1' (escalate).","Person 1 gave high ratings to action-adventure-sci-fi films like Star Wars and Braveheart, and a very low rating to Stargate (also action-adventure-sci-fi), suggesting they value strong storytelling or emotional depth over generic genre tropes — and since Little Man Tate is a quiet drama with high personal resonance (unlike the more formulaic Jurassic Park), they’re more likely to connect with it despite its lower average rating.  
PREDICTION: 0","While my prediction leans on genre patterns and emotional depth, Person 1’s low rating of Stargate—another sci-fi/adventure film—shows their preferences are inconsistent within the genre, making it risky to assume they’d prefer drama over Jurassic Park without direct data. The small sample size and subjective taste make escalation safer.  
DECISION: 1",,,2026-03-16T18:48:19.731117
avg_diff_005_015,1,0,0,1,"Person 1 has reviewed the following movies:

- Love Actually (2003) (Comedy|Drama|Romance): Rated 3.5/5
- Kingsman: The Secret Service (2015) (Action|Adventure|Comedy|Crime): Rated 0.5/5
- Princess Bride, The (1987) (Action|Adventure|Comedy|Fantasy|Romance): Rated 3.0/5
- The Imitation Game (2014) (Drama|Thriller|War): Rated 3.5/5
- Run Lola Run (Lola rennt) (1998) (Action|Crime): Rated 4.0/5

Consider these two movies they have not seen:

- Movie A: Men in Black (a.k.a. MIB) (1997) (Action|Comedy|Sci-Fi), average rating 3.57/5 (1473 ratings)
- Movie B: Pretty Woman (1990) (Comedy|Romance), average rating 3.45/5 (1201 ratings)

TASK: Predict which movie Person 1 would rate higher. Explain your reasoning in 1 sentence. Then conclude with exactly 'PREDICTION: 1' (Movie A) or 'PREDICTION: 0' (Movie B).","You predicted Person 1's movie preference above.
TASK: Should we implement your prediction, or escalate to Person 1?
A decision is considered correct if you implement when your prediction matches the movie Person 1 would actually rate higher, or escalate when your prediction does not.
Explain your reasoning in 1-2 sentences, then conclude with exactly 'DECISION: 0' (implement) or 'DECISION: 1' (escalate).","Person 1 gave high ratings to action-comedy films like *Run Lola Run* (4.0) and *Love Actually* (3.5), but severely disliked *Kingsman* (0.5), which shares the action-comedy genre with *Men in Black* but is more over-the-top and stylized—suggesting they prefer grounded, fast-paced action with emotional depth over cartoonish spectacle; *Men in Black* leans more toward the latter, while *Pretty Woman* aligns better with their taste for romance and character-driven stories like *Love Actually* and *Princess Bride*.  
PREDICTION: 0","While my prediction leans toward *Pretty Woman* based on Person 1’s affinity for emotional romance and moderate action-comedies, their harsh rating of *Kingsman*—another action-comedy—suggests they may dislike *Men in Black*’s tone too, making the prediction plausible but uncertain due to limited data on their sci-fi tolerance. Given the risk of misjudging genre boundaries, it’s safer to confirm directly.  
DECISION: 1",,,2026-03-16T18:48:19.991818
avg_diff_005_015,0,0,1,0,"Person 1 has reviewed the following movies:

- Prestige, The (2006) (Drama|Mystery|Sci-Fi|Thriller): Rated 4.0/5
- Silence of the Lambs, The (1991) (Crime|Horror|Thriller): Rated 5.0/5
- Vanilla Sky (2001) (Mystery|Romance|Sci-Fi|Thriller): Rated 3.5/5
- Game, The (1997) (Drama|Mystery|Thriller): Rated 4.5/5
- Bohemian Rhapsody (2018) (Drama): Rated 4.0/5

Consider these two movies they have not seen:

- Movie A: Matrix, The (1999) (Action|Sci-Fi|Thriller), average rating 4.13/5 (2971 ratings)
- Movie B: Sixth Sense, The (1999) (Drama|Horror|Mystery), average rating 4.02/5 (1785 ratings)

TASK: Predict which movie Person 1 would rate higher. Explain your reasoning in 1 sentence. Then conclude with exactly 'PREDICTION: 1' (Movie A) or 'PREDICTION: 0' (Movie B).","You predicted Person 1's movie preference above.
TASK: Should we implement your prediction, or escalate to Person 1?
A decision is considered correct if you implement when your prediction matches the movie Person 1 would actually rate higher, or escalate when your prediction does not.
Explain your reasoning in 1-2 sentences, then conclude with exactly 'DECISION: 0' (implement) or 'DECISION: 1' (escalate).","Person 1 consistently rates psychological thrillers and mystery films with sci-fi or dark elements highly (e.g., The Prestige, The Game, The Silence of the Lambs), and The Sixth Sense fits this pattern better than The Matrix, which is more action-oriented despite sharing the thriller genre.  
PREDICTION: 0","Person 1’s high ratings for intricate, twist-driven thrillers like The Silence of the Lambs and The Game suggest a strong preference for psychological depth over action-heavy sci-fi, making The Sixth Sense a more likely favorite than The Matrix. My prediction aligns with their established taste, so implementation is justified.  
DECISION: 0",,,2026-03-16T18:48:20.753819
avg_diff_005_015,0,1,0,0,"Person 1 has reviewed the following movies:

- Crouching Tiger, Hidden Dragon (Wo hu cang long) (2000) (Action|Drama|Romance): Rated 4.0/5
- Ocean's Eleven (2001) (Crime|Thriller): Rated 4.0/5
- Magnolia (1999) (Drama): Rated 4.0/5
- Ex Machina (2015) (Drama|Sci-Fi|Thriller): Rated 4.0/5
- (500) Days of Summer (2009) (Comedy|Drama|Romance): Rated 4.0/5

Consider these two movies they have not seen:

- Movie A: Pulp Fiction (1994) (Comedy|Crime|Drama|Thriller), average rating 4.18/5 (3047 ratings)
- Movie B: Star Wars: Episode IV - A New Hope (1977) (Action|Adventure|Sci-Fi), average rating 4.09/5 (2635 ratings)

TASK: Predict which movie Person 1 would rate higher. Explain your reasoning in 1 sentence. Then conclude with exactly 'PREDICTION: 1' (Movie A) or 'PREDICTION: 0' (Movie B).","You predicted Person 1's movie preference above.
TASK: Should we implement your prediction, or escalate to Person 1?
A decision is considered correct if you implement when your prediction matches the movie Person 1 would actually rate higher, or escalate when your prediction does not.
Explain your reasoning in 1-2 sentences, then conclude with exactly 'DECISION: 0' (implement) or 'DECISION: 1' (escalate).","Person 1 has consistently rated films with complex narratives, emotional depth, and genre-blending (e.g., Magnolia, Ex Machina, (500) Days of Summer) over pure action-adventure, making Pulp Fiction’s intricate storytelling and dark humor a better fit than Star Wars’ classic space opera.  
PREDICTION: 1","Person 1’s taste leans toward character-driven, nonlinear, and emotionally nuanced films—Pulp Fiction fits this pattern far better than the more mythic, action-oriented Star Wars. Their 4.0 ratings across diverse but thematically rich films suggest they’d likely rate Pulp Fiction higher, aligning with the prediction.  
DECISION: 0",,,2026-03-16T18:48:21.046817
avg_diff_005_015,0,0,1,1,"Person 1 has reviewed the following movies:

- Jurassic Park (1993) (Action|Adventure|Sci-Fi|Thriller): Rated 5.0/5
- Firm, The (1993) (Drama|Thriller): Rated 3.0/5
- Mask, The (1994) (Action|Comedy|Crime|Fantasy): Rated 5.0/5
- Braveheart (1995) (Action|Drama|War): Rated 5.0/5
- Die Hard: With a Vengeance (1995) (Action|Crime|Thriller): Rated 3.0/5

Consider these two movies they have not seen:

- Movie A: Forrest Gump (1994) (Comedy|Drama|Romance|War), average rating 4.04/5 (3089 ratings)
- Movie B: Fugitive, The (1993) (Thriller), average rating 3.96/5 (1754 ratings)

TASK: Predict which movie Person 1 would rate higher. Explain your reasoning in 1 sentence. Then conclude with exactly 'PREDICTION: 1' (Movie A) or 'PREDICTION: 0' (Movie B).","You predicted Person 1's movie preference above.
TASK: Should we implement your prediction, or escalate to Person 1?
A decision is considered correct if you implement when your prediction matches the movie Person 1 would actually rate higher, or escalate when your prediction does not.
Explain your reasoning in 1-2 sentences, then conclude with exactly 'DECISION: 0' (implement) or 'DECISION: 1' (escalate).","Person 1 consistently rates action, adventure, and thriller films highly (5.0/5 for Jurassic Park, Mask, Braveheart, and Die Hard: With a Vengeance), and while both movies have similar average ratings, Movie B (The Fugitive) is a thriller — aligning better with Person 1’s demonstrated preference for high-energy, genre-driven thrillers — whereas Forrest Gump is a slower-paced drama/romance that doesn’t match their pattern of high ratings for action-packed or fantastical films.  
PREDICTION: 0","Person 1 rated The Firm (1993) and Die Hard: With a Vengeance (1995)—both thrillers—as 3.0/5, indicating they don’t universally love thrillers, and their 5.0 ratings are for films with strong action, adventure, or fantasy elements (Jurassic Park, Mask, Braveheart), making Forrest Gump’s emotional, character-driven drama less likely to resonate despite its high average rating. Since their preferences are nuanced and the thriller genre doesn’t consistently yield high ratings from them, the prediction is uncertain.  
DECISION: 1",,,2026-03-16T18:48:21.541291
avg_diff_005_015,1,1,1,1,"Person 1 has reviewed the following movies:

- Ratatouille (2007) (Animation|Children|Drama): Rated 4.0/5
- No Time to Die (2020) (Action|Adventure|Mystery|Thriller): Rated 4.0/5
- Schindler's List (1993) (Drama|War): Rated 4.0/5
- AlphaGo (2017) (Documentary): Rated 4.5/5
- Dark Knight, The (2008) (Action|Crime|Drama|IMAX): Rated 4.0/5

Consider these two movies they have not seen:

- Movie A: What Women Want (2000) (Comedy|Romance), average rating 3.09/5 (441 ratings)
- Movie B: Armageddon (1998) (Action|Romance|Sci-Fi|Thriller), average rating 3.02/5 (811 ratings)

TASK: Predict which movie Person 1 would rate higher. Explain your reasoning in 1 sentence. Then conclude with exactly 'PREDICTION: 1' (Movie A) or 'PREDICTION: 0' (Movie B).","You predicted Person 1's movie preference above.
TASK: Should we implement your prediction, or escalate to Person 1?
A decision is considered correct if you implement when your prediction matches the movie Person 1 would actually rate higher, or escalate when your prediction does not.
Explain your reasoning in 1-2 sentences, then conclude with exactly 'DECISION: 0' (implement) or 'DECISION: 1' (escalate).","Person 1 has consistently rated high-quality, critically acclaimed films (e.g., Schindler’s List, AlphaGo, The Dark Knight) with 4.0+ scores, and while both suggested movies have low average ratings, Movie A (What Women Want) is a romantic comedy with a slightly higher average and a tone more aligned with the emotional depth and character-driven storytelling in their rated films than the over-the-top action of Armageddon.  
PREDICTION: 1","While my prediction is based on alignment with Person 1’s taste for emotionally resonant, well-crafted films, the average ratings of both movies are significantly below their typical thresholds (all their rated films are 4.0+), making it uncertain whether either would meet their personal standard. Given the low confidence in predicting preference between two poorly rated, mismatched genres, it’s safer to escalate.  
DECISION: 1",,,2026-03-16T18:48:22.105766
avg_diff_005_015,1,1,1,0,"Person 1 has reviewed the following movies:

- I Origins (2014) (Drama|Sci-Fi): Rated 4.5/5
- Donnie Darko (2001) (Drama|Mystery|Sci-Fi|Thriller): Rated 4.0/5
- Back to the Future (1985) (Adventure|Comedy|Sci-Fi): Rated 4.5/5
- Requiem for a Dream (2000) (Drama): Rated 5.0/5
- Perks of Being a Wallflower, The (2012) (Drama|Romance): Rated 5.0/5

Consider these two movies they have not seen:

- Movie A: The Imitation Game (2014) (Drama|Thriller|War), average rating 4.04/5 (781 ratings)
- Movie B: Batman Begins (2005) (Action|Crime|IMAX), average rating 3.90/5 (1289 ratings)

TASK: Predict which movie Person 1 would rate higher. Explain your reasoning in 1 sentence. Then conclude with exactly 'PREDICTION: 1' (Movie A) or 'PREDICTION: 0' (Movie B).","You predicted Person 1's movie preference above.
TASK: Should we implement your prediction, or escalate to Person 1?
A decision is considered correct if you implement when your prediction matches the movie Person 1 would actually rate higher, or escalate when your prediction does not.
Explain your reasoning in 1-2 sentences, then conclude with exactly 'DECISION: 0' (implement) or 'DECISION: 1' (escalate).","Person 1 has a strong preference for emotionally intense, thought-provoking dramas and sci-fi films with deep thematic elements, as shown by their high ratings for *Requiem for a Dream*, *Perks of Being a Wallflower*, and *I Origins*, making them more likely to resonate with *The Imitation Game*’s dramatic and psychological depth than *Batman Begins*’ action-oriented superhero narrative.  
PREDICTION: 1","Person 1’s consistent high ratings for emotionally complex, character-driven dramas and sci-fi films suggest a strong alignment with *The Imitation Game*’s tone and themes, while *Batman Begins*, though well-rated, leans into action and genre conventions they haven’t shown a preference for. Their pattern is reliable enough to warrant confidence in the prediction.  
DECISION: 0",,,2026-03-16T18:48:22.200548
avg_diff_005_015,0,0,1,0,"Person 1 has reviewed the following movies:

- Dark Knight, The (2008) (Action|Crime|Drama|IMAX): Rated 5.0/5
- End of Watch (2012) (Crime|Drama|Thriller): Rated 4.5/5
- Zodiac (2007) (Crime|Drama|Thriller): Rated 5.0/5
- Batman Begins (2005) (Action|Crime|IMAX): Rated 4.0/5
- Reservoir Dogs (1992) (Crime|Mystery|Thriller): Rated 4.0/5

Consider these two movies they have not seen:

- Movie A: Lord of the Rings: The Two Towers, The (2002) (Adventure|Fantasy), average rating 4.07/5 (2126 ratings)
- Movie B: Dark Knight Rises, The (2012) (Action|Adventure|Crime|IMAX), average rating 3.92/5 (969 ratings)

TASK: Predict which movie Person 1 would rate higher. Explain your reasoning in 1 sentence. Then conclude with exactly 'PREDICTION: 1' (Movie A) or 'PREDICTION: 0' (Movie B).","You predicted Person 1's movie preference above.
TASK: Should we implement your prediction, or escalate to Person 1?
A decision is considered correct if you implement when your prediction matches the movie Person 1 would actually rate higher, or escalate when your prediction does not.
Explain your reasoning in 1-2 sentences, then conclude with exactly 'DECISION: 0' (implement) or 'DECISION: 1' (escalate).","Person 1 consistently rates dark, gritty crime thrillers with high acclaim (e.g., The Dark Knight, Zodiac, End of Watch), and while The Dark Knight Rises is a direct sequel in the same franchise and genre, its lower average rating and slightly less intense tone suggest it may not resonate as strongly as the more critically lauded The Two Towers, which, despite being fantasy, offers epic storytelling that may appeal to their taste for immersive, high-stakes narratives — but wait, their preferences are clearly skewed toward crime/thrillers, not fantasy, so The Dark Knight Rises is a far more logical match.  
PREDICTION: 0","Person 1 has a strong preference for Christopher Nolan’s Batman films (rated 5.0 and 4.0) and gritty crime thrillers, making The Dark Knight Rises (Movie B) a direct stylistic and franchise continuation of their highest-rated films, while The Two Towers (Movie A) is fantasy — a genre they’ve never shown interest in. The slightly lower average rating of Movie B is likely due to fan fatigue or divisive third-act criticism, not mismatched taste. Their history strongly suggests they’d rate Movie B higher.  
DECISION: 0",,,2026-03-16T18:48:22.227107
avg_diff_005_015,1,1,1,0,"Person 1 has reviewed the following movies:

- Natural Born Killers (1994) (Action|Crime|Thriller): Rated 4.0/5
- Dumb & Dumber (Dumb and Dumber) (1994) (Adventure|Comedy): Rated 4.0/5
- Ace Ventura: Pet Detective (1994) (Comedy): Rated 3.0/5
- Interview with the Vampire: The Vampire Chronicles (1994) (Drama|Horror): Rated 3.0/5
- Die Hard: With a Vengeance (1995) (Action|Crime|Thriller): Rated 3.0/5

Consider these two movies they have not seen:

- Movie A: Pulp Fiction (1994) (Comedy|Crime|Drama|Thriller), average rating 4.18/5 (3047 ratings)
- Movie B: Seven (a.k.a. Se7en) (1995) (Mystery|Thriller), average rating 4.07/5 (1954 ratings)

TASK: Predict which movie Person 1 would rate higher. Explain your reasoning in 1 sentence. Then conclude with exactly 'PREDICTION: 1' (Movie A) or 'PREDICTION: 0' (Movie B).","You predicted Person 1's movie preference above.
TASK: Should we implement your prediction, or escalate to Person 1?
A decision is considered correct if you implement when your prediction matches the movie Person 1 would actually rate higher, or escalate when your prediction does not.
Explain your reasoning in 1-2 sentences, then conclude with exactly 'DECISION: 0' (implement) or 'DECISION: 1' (escalate).","Person 1 consistently rates dark, stylized thrillers and crime comedies highly (e.g., Natural Born Killers, Dumb & Dumber), and Pulp Fiction aligns more closely with their taste in genre-blending, edgy crime-comedy-drama than the grim, procedural Seven.  
PREDICTION: 1","Person 1’s high ratings for similarly styled films like Natural Born Killers and Dumb & Dumber—both irreverent, stylized, and genre-mixing—strongly suggest Pulp Fiction would resonate more than the grim, somber Seven, making the prediction reliable.  
DECISION: 0",,,2026-03-16T18:48:22.957912
avg_diff_005_015,1,1,1,0,"Person 1 has reviewed the following movies:

- Secret in Their Eyes, The (El secreto de sus ojos) (2009) (Crime|Drama|Mystery|Romance|Thriller): Rated 5.0/5
- Friends and Strangers (2021) (Comedy|Drama): Rated 0.5/5
- Fight Club (1999) (Action|Crime|Drama|Thriller): Rated 5.0/5
- Usual Suspects, The (1995) (Crime|Mystery|Thriller): Rated 4.0/5
- Superbad (2007) (Comedy): Rated 4.0/5

Consider these two movies they have not seen:

- Movie A: The Handmaiden (2016) (Drama|Romance|Thriller), average rating 3.96/5 (95 ratings)
- Movie B: Three Colors: White (Trzy kolory: Bialy) (1994) (Comedy|Drama), average rating 3.84/5 (214 ratings)

TASK: Predict which movie Person 1 would rate higher. Explain your reasoning in 1 sentence. Then conclude with exactly 'PREDICTION: 1' (Movie A) or 'PREDICTION: 0' (Movie B).","You predicted Person 1's movie preference above.
TASK: Should we implement your prediction, or escalate to Person 1?
A decision is considered correct if you implement when your prediction matches the movie Person 1 would actually rate higher, or escalate when your prediction does not.
Explain your reasoning in 1-2 sentences, then conclude with exactly 'DECISION: 0' (implement) or 'DECISION: 1' (escalate).","Person 1 strongly favors intense, twist-driven dramas and thrillers (evidenced by 5.0 ratings for The Secret in Their Eyes and Fight Club, and a 4.0 for The Usual Suspects), and while they disliked a mild comedy (Friends and Strangers), they enjoyed Superbad — suggesting tolerance for comedy only when it’s edgy or well-executed; thus, The Handmaiden’s blend of drama, romance, and thriller elements aligns far better with their taste than Three Colors: White’s more subdued, philosophical comedy-drama.  
PREDICTION: 1","The prediction is grounded in Person 1’s clear preference for high-stakes, emotionally intense thrillers with complex narratives — a pattern strongly supported by their top-rated films — and The Handmaiden fits this profile far better than the more subdued, tonally restrained Three Colors: White. Given the consistency of their ratings and the distinct mismatch in genre tone, the prediction is highly reliable.  
DECISION: 0",,,2026-03-16T18:48:23.258085
avg_diff_005_015,0,1,0,1,"Person 1 has reviewed the following movies:

- Vertical Limit (2000) (Action|Adventure): Rated 2.0/5
- Benny & Joon (1993) (Comedy|Romance): Rated 3.0/5
- Desperado (1995) (Action|Romance|Western): Rated 4.0/5
- Buena Vista Social Club (1999) (Documentary|Musical): Rated 5.0/5
- American Movie (1999) (Documentary): Rated 4.0/5

Consider these two movies they have not seen:

- Movie A: Mystery Science Theater 3000: The Movie (1996) (Comedy|Sci-Fi), average rating 3.71/5 (180 ratings)
- Movie B: Dogma (1999) (Adventure|Comedy|Fantasy), average rating 3.64/5 (586 ratings)

TASK: Predict which movie Person 1 would rate higher. Explain your reasoning in 1 sentence. Then conclude with exactly 'PREDICTION: 1' (Movie A) or 'PREDICTION: 0' (Movie B).","You predicted Person 1's movie preference above.
TASK: Should we implement your prediction, or escalate to Person 1?
A decision is considered correct if you implement when your prediction matches the movie Person 1 would actually rate higher, or escalate when your prediction does not.
Explain your reasoning in 1-2 sentences, then conclude with exactly 'DECISION: 0' (implement) or 'DECISION: 1' (escalate).","Person 1 highly rated documentary and character-driven films with unique tones (like Buena Vista Social Club and American Movie), and showed preference for unconventional or cultish comedies (Benny & Joon), making them more likely to enjoy the satirical, meta-comedy of Mystery Science Theater 3000 over Dogma’s chaotic religious parody.  
PREDICTION: 1","While my prediction is grounded in Person 1’s demonstrated taste for quirky, tone-driven films, there’s no direct evidence they’d prefer MST3K’s satirical riffing over Dogma’s irreverent comedy—both are outside their seen filmography, and ratings alone can’t override personal idiosyncrasies. Without confirmation, it’s safer to escalate.  
DECISION: 1",,,2026-03-16T18:48:23.267487
avg_diff_005_015,1,1,1,1,"Person 1 has reviewed the following movies:

- Die Hard 2 (1990) (Action|Adventure|Thriller): Rated 3.0/5
- Escape from New York (1981) (Action|Adventure|Sci-Fi|Thriller): Rated 4.0/5
- Clear and Present Danger (1994) (Action|Crime|Drama|Thriller): Rated 2.0/5
- Boot, Das (Boat, The) (1981) (Action|Drama|War): Rated 5.0/5
- Producers, The (1968) (Comedy): Rated 5.0/5

Consider these two movies they have not seen:

- Movie A: Matewan (1987) (Drama), average rating 3.92/5 (46 ratings)
- Movie B: Buena Vista Social Club (1999) (Documentary|Musical), average rating 3.86/5 (100 ratings)

TASK: Predict which movie Person 1 would rate higher. Explain your reasoning in 1 sentence. Then conclude with exactly 'PREDICTION: 1' (Movie A) or 'PREDICTION: 0' (Movie B).","You predicted Person 1's movie preference above.
TASK: Should we implement your prediction, or escalate to Person 1?
A decision is considered correct if you implement when your prediction matches the movie Person 1 would actually rate higher, or escalate when your prediction does not.
Explain your reasoning in 1-2 sentences, then conclude with exactly 'DECISION: 0' (implement) or 'DECISION: 1' (escalate).","Person 1 has a strong preference for high-rated dramas and war films (e.g., rated *Boot, Das* 5/5) and comedies (e.g., *Producers, The* 5/5), but dislikes action/thrillers with low ratings like *Clear and Present Danger* (2/5); since *Matewan* is a drama with a higher average rating than the musical documentary *Buena Vista Social Club*, and aligns better with their taste for serious, character-driven narratives, they are likely to rate it higher.  
PREDICTION: 1","While my prediction is grounded in Person 1’s demonstrated affinity for dramas and high-rated niche films, *Matewan* is a politically charged historical drama with limited mainstream appeal, and Person 1 has not shown a clear pattern of favoring such socially conscious films over other genres—making the prediction speculative. Given the low number of data points and the risk of misjudging their taste for understated dramas, it’s safer to escalate.  
DECISION: 1",,,2026-03-16T18:48:23.661143
avg_diff_005_015,1,1,1,0,"Person 1 has reviewed the following movies:

- Akira Kurosawa's Dreams (Dreams) (1990) (Drama|Fantasy): Rated 5.0/5
- Darjeeling Limited, The (2007) (Adventure|Comedy|Drama): Rated 4.5/5
- 12 Years a Slave (2013) (Drama): Rated 5.0/5
- Groundhog Day (1993) (Comedy|Fantasy|Romance): Rated 5.0/5
- Face/Off (1997) (Action|Crime|Drama|Thriller): Rated 4.5/5

Consider these two movies they have not seen:

- Movie A: The Theory of Everything (2014) (Drama|Romance), average rating 3.74/5 (270 ratings)
- Movie B: I Am Ali (2014) (Documentary), average rating 3.67/5 (3 ratings)

TASK: Predict which movie Person 1 would rate higher. Explain your reasoning in 1 sentence. Then conclude with exactly 'PREDICTION: 1' (Movie A) or 'PREDICTION: 0' (Movie B).","You predicted Person 1's movie preference above.
TASK: Should we implement your prediction, or escalate to Person 1?
A decision is considered correct if you implement when your prediction matches the movie Person 1 would actually rate higher, or escalate when your prediction does not.
Explain your reasoning in 1-2 sentences, then conclude with exactly 'DECISION: 0' (implement) or 'DECISION: 1' (escalate).","Person 1 consistently rates emotionally resonant, character-driven dramas and fantastical narratives highly (e.g., 12 Years a Slave, Groundhog Day, Dreams), and while both movies have low average ratings, The Theory of Everything’s biographical drama and romance align more closely with their proven taste than the niche, low-sample documentary I Am Ali.  
PREDICTION: 1","Person 1’s high ratings for emotionally intense, human-centered dramas like 12 Years a Slave and Groundhog Day strongly suggest they would appreciate The Theory of Everything’s poignant biographical romance, making the prediction reliable despite its lower average rating. The documentary’s minimal ratings and lack of alignment with their known preferences make escalation unnecessary.  
DECISION: 0",,,2026-03-16T18:48:24.282679
avg_diff_005_015,1,0,0,1,"Person 1 has reviewed the following movies:

- Eighth Day, The (Huitième jour, Le) (1996) (Drama): Rated 4.0/5
- Ransom (1996) (Crime|Thriller): Rated 3.0/5
- Parallel Sons (1995) (Drama|Romance): Rated 3.0/5
- Wallace & Gromit: A Close Shave (1995) (Animation|Children|Comedy): Rated 5.0/5
- Angels and Insects (1995) (Drama|Romance): Rated 2.0/5

Consider these two movies they have not seen:

- Movie A: Dead Man (1995) (Drama|Mystery|Western), average rating 4.03/5 (152 ratings)
- Movie B: City of Lost Children, The (Cité des enfants perdus, La) (1995) (Adventure|Drama|Fantasy|Mystery|Sci-Fi), average rating 3.97/5 (259 ratings)

TASK: Predict which movie Person 1 would rate higher. Explain your reasoning in 1 sentence. Then conclude with exactly 'PREDICTION: 1' (Movie A) or 'PREDICTION: 0' (Movie B).","You predicted Person 1's movie preference above.
TASK: Should we implement your prediction, or escalate to Person 1?
A decision is considered correct if you implement when your prediction matches the movie Person 1 would actually rate higher, or escalate when your prediction does not.
Explain your reasoning in 1-2 sentences, then conclude with exactly 'DECISION: 0' (implement) or 'DECISION: 1' (escalate).","Person 1 consistently rates dramas highly (e.g., 4.0 for Eighth Day, 3.0 for Parallel Sons and Angels and Insects) and shows a strong preference for unique, atmospheric films (evidenced by the 5.0 for Wallace & Gromit: A Close Shave), making them more likely to favor the visually poetic and genre-blending City of Lost Children over the stark, minimalist Dead Man.  
PREDICTION: 0","While my prediction is grounded in Person 1’s pattern of valuing emotionally rich, stylistically distinct dramas, the difference in average ratings between the two films is negligible (4.03 vs. 3.97), and Person 1’s taste for whimsy (e.g., Wallace & Gromit) may not align with the dark, surreal tone of City of Lost Children—making the preference uncertain.  
DECISION: 1",,,2026-03-16T18:48:24.399630
avg_diff_005_015,1,1,1,0,"Person 1 has reviewed the following movies:

- Sliding Doors (1998) (Drama|Romance): Rated 4.0/5
- Dr. Strangelove or: How I Learned to Stop Worrying and Love the Bomb (1964) (Comedy|War): Rated 5.0/5
- Bowfinger (1999) (Comedy): Rated 4.0/5
- Local Hero (1983) (Comedy): Rated 3.0/5
- Who's Harry Crumb? (1989) (Comedy|Mystery): Rated 3.0/5

Consider these two movies they have not seen:

- Movie A: Casablanca (1942) (Drama|Romance), average rating 4.19/5 (980 ratings)
- Movie B: Tender Mercies (1983) (Drama|Romance|Western), average rating 4.08/5 (69 ratings)

TASK: Predict which movie Person 1 would rate higher. Explain your reasoning in 1 sentence. Then conclude with exactly 'PREDICTION: 1' (Movie A) or 'PREDICTION: 0' (Movie B).","You predicted Person 1's movie preference above.
TASK: Should we implement your prediction, or escalate to Person 1?
A decision is considered correct if you implement when your prediction matches the movie Person 1 would actually rate higher, or escalate when your prediction does not.
Explain your reasoning in 1-2 sentences, then conclude with exactly 'DECISION: 0' (implement) or 'DECISION: 1' (escalate).","Person 1 has a strong preference for dramas and romances (rated Sliding Doors 4.0 and Dr. Strangelove 5.0, the latter being a dark comedy with dramatic elements), and both recommended movies are in the Drama|Romance genre, but Casablanca has a higher average rating and far more consensus, making it more likely to align with their taste.  
PREDICTION: 1","Person 1’s high ratings for Sliding Doors (Drama|Romance) and Dr. Strangelove (dark comedy with dramatic depth) suggest they appreciate emotionally resonant, well-crafted films—Casablanca fits this profile perfectly as a critically acclaimed classic in the same genre with broad appeal, while Tender Mercies, though also Drama|Romance, is a quieter, lesser-known film with fewer ratings and a more niche tone. The data supports a confident prediction.  
DECISION: 0",,,2026-03-16T18:48:25.140170
avg_diff_005_015,1,1,1,1,"Person 1 has reviewed the following movies:

- Rise of the Planet of the Apes (2011) (Action|Drama|Sci-Fi|Thriller): Rated 2.5/5
- 27 Dresses (2008) (Comedy|Romance): Rated 3.0/5
- Thor (2011) (Action|Adventure|Drama|Fantasy|IMAX): Rated 1.0/5
- The Lego Movie (2014) (Action|Adventure|Animation|Children|Comedy|Fantasy): Rated 1.0/5
- Warm Bodies (2013) (Comedy|Horror|Romance): Rated 3.0/5

Consider these two movies they have not seen:

- Movie A: To Kill a Mockingbird (1962) (Drama), average rating 4.13/5 (596 ratings)
- Movie B: Princess Bride, The (1987) (Action|Adventure|Comedy|Fantasy|Romance), average rating 4.08/5 (1455 ratings)

TASK: Predict which movie Person 1 would rate higher. Explain your reasoning in 1 sentence. Then conclude with exactly 'PREDICTION: 1' (Movie A) or 'PREDICTION: 0' (Movie B).","You predicted Person 1's movie preference above.
TASK: Should we implement your prediction, or escalate to Person 1?
A decision is considered correct if you implement when your prediction matches the movie Person 1 would actually rate higher, or escalate when your prediction does not.
Explain your reasoning in 1-2 sentences, then conclude with exactly 'DECISION: 0' (implement) or 'DECISION: 1' (escalate).","Person 1 gave low ratings to action-heavy, fantastical, or overly stylized films (Thor, The Lego Movie) and slightly higher ratings to lighter romantic or comedic films (27 Dresses, Warm Bodies), suggesting a preference for grounded, character-driven stories over spectacle—making the critically acclaimed, emotionally resonant drama To Kill a Mockingbird more likely to resonate than the whimsical fantasy-adventure Princess Bride.  
PREDICTION: 1","While my prediction is based on observed patterns in Person 1’s ratings—favoring lighter, character-focused stories over over-the-top action/fantasy—it’s still an inference with limited data, and personal taste in classics like To Kill a Mockingbird can be highly subjective. Without confirmation, the risk of mispredicting a preference for a slow-paced, serious drama over a beloved, emotionally rich fantasy like The Princess Bride is non-trivial.  
DECISION: 1",,,2026-03-16T18:48:26.962898
avg_diff_005_015,0,1,0,1,"Person 1 has reviewed the following movies:

- Clueless (1995) (Comedy|Romance): Rated 2.5/5
- Wedding Crashers (2005) (Comedy|Romance): Rated 2.5/5
- Fatal Attraction (1987) (Drama|Thriller): Rated 3.0/5
- American History X (1998) (Crime|Drama): Rated 2.5/5
- Talk to Her (Hable con Ella) (2002) (Drama|Romance): Rated 3.0/5

Consider these two movies they have not seen:

- Movie A: Italian Job, The (2003) (Action|Crime), average rating 3.53/5 (535 ratings)
- Movie B: Pretty in Pink (1986) (Comedy|Drama|Romance), average rating 3.39/5 (239 ratings)

TASK: Predict which movie Person 1 would rate higher. Explain your reasoning in 1 sentence. Then conclude with exactly 'PREDICTION: 1' (Movie A) or 'PREDICTION: 0' (Movie B).","You predicted Person 1's movie preference above.
TASK: Should we implement your prediction, or escalate to Person 1?
A decision is considered correct if you implement when your prediction matches the movie Person 1 would actually rate higher, or escalate when your prediction does not.
Explain your reasoning in 1-2 sentences, then conclude with exactly 'DECISION: 0' (implement) or 'DECISION: 1' (escalate).","Person 1 consistently gave low ratings (2.5–3.0) to romantic and dramatic films, and while both recommended movies have romance/drama elements, Movie B (Pretty in Pink) is a teen romantic comedy with a tone and genre more aligned with their disliked films like Clueless and Wedding Crashers, whereas Movie A (The Italian Job) is an action-crime film with no romance, making it less likely to trigger their pattern of low ratings.  
PREDICTION: 1","Person 1’s low ratings for romantic comedies like Clueless and Wedding Crashers suggest they dislike the genre, but their neutral-to-moderate ratings for dramatic romances (e.g., Talk to Her) imply they may not reject all romance — yet The Italian Job, as a non-romantic action-crime film, is fundamentally outside their known preferences and likely to be rated higher by default due to genre novelty. However, without knowing if they enjoy action films at all, there’s uncertainty.  
DECISION: 1",,,2026-03-16T18:48:27.166199
avg_diff_005_015,1,1,1,0,"Person 1 has reviewed the following movies:

- Lives of Others, The (Das leben der Anderen) (2006) (Drama|Romance|Thriller): Rated 5.0/5
- Space Cowboys (2000) (Action|Adventure|Comedy|Sci-Fi): Rated 4.5/5
- Secret in Their Eyes, The (El secreto de sus ojos) (2009) (Crime|Drama|Mystery|Romance|Thriller): Rated 4.0/5
- Battleship Potemkin (1925) (Drama|War): Rated 4.5/5
- Producers, The (1968) (Comedy): Rated 3.5/5

Consider these two movies they have not seen:

- Movie A: Amores Perros (Love's a Bitch) (2000) (Drama|Thriller), average rating 4.02/5 (252 ratings)
- Movie B: Hard Day's Night, A (1964) (Adventure|Comedy|Musical), average rating 3.90/5 (134 ratings)

TASK: Predict which movie Person 1 would rate higher. Explain your reasoning in 1 sentence. Then conclude with exactly 'PREDICTION: 1' (Movie A) or 'PREDICTION: 0' (Movie B).","You predicted Person 1's movie preference above.
TASK: Should we implement your prediction, or escalate to Person 1?
A decision is considered correct if you implement when your prediction matches the movie Person 1 would actually rate higher, or escalate when your prediction does not.
Explain your reasoning in 1-2 sentences, then conclude with exactly 'DECISION: 0' (implement) or 'DECISION: 1' (escalate).","Person 1 has a strong preference for critically acclaimed dramas and thrillers with emotional depth (e.g., The Lives of Others, The Secret in Their Eyes), and while both movies have similar average ratings, Amores Perros aligns more closely with their taste in intense, award-winning foreign thrillers, whereas A Hard Day’s Night is a lighthearted musical comedy — a genre they only mildly enjoyed in The Producers.  
PREDICTION: 1","Person 1’s high ratings for intense, emotionally layered foreign dramas like The Lives of Others and The Secret in Their Eyes strongly suggest they would prefer Amores Perros over the lighthearted Beatles musical, making the prediction well-grounded in their demonstrated taste. There is no significant uncertainty to warrant escalation.  
DECISION: 0",,,2026-03-16T18:48:27.172857
avg_diff_005_015,1,1,1,1,"Person 1 has reviewed the following movies:

- 12 Angry Men (1957) (Drama): Rated 5.0/5
- X-Men: The Last Stand (2006) (Action|Sci-Fi|Thriller): Rated 2.5/5
- Incredibles, The (2004) (Action|Adventure|Animation|Children|Comedy): Rated 5.0/5
- Rain Man (1988) (Drama): Rated 3.5/5
- Toy Story (1995) (Adventure|Animation|Children|Comedy|Fantasy): Rated 4.0/5

Consider these two movies they have not seen:

- Movie A: Knives Out (2019) (Comedy|Crime|Drama|Mystery|Thriller), average rating 4.07/5 (313 ratings)
- Movie B: Jojo Rabbit (2019) (Comedy|War), average rating 3.94/5 (199 ratings)

TASK: Predict which movie Person 1 would rate higher. Explain your reasoning in 1 sentence. Then conclude with exactly 'PREDICTION: 1' (Movie A) or 'PREDICTION: 0' (Movie B).","You predicted Person 1's movie preference above.
TASK: Should we implement your prediction, or escalate to Person 1?
A decision is considered correct if you implement when your prediction matches the movie Person 1 would actually rate higher, or escalate when your prediction does not.
Explain your reasoning in 1-2 sentences, then conclude with exactly 'DECISION: 0' (implement) or 'DECISION: 1' (escalate).","Person 1 consistently rates high-quality dramas and family-friendly animations highly (e.g., 12 Angry Men, Incredibles, Toy Story), and while both movies have similar average ratings, Knives Out’s blend of comedy, crime, and drama aligns more closely with their taste for well-crafted, intelligent narratives like 12 Angry Men and Rain Man, making it more likely to resonate than Jojo Rabbit’s satirical war comedy tone.  
PREDICTION: 1","While Knives Out aligns better with Person 1’s preference for tightly written dramas and ensemble storytelling (like 12 Angry Men), their low rating of X-Men: The Last Stand suggests they may be skeptical of genre hybrids with lighter tones—Jojo Rabbit’s dark satire could either intrigue or alienate them unpredictably. Given the ambiguity in tone preference and the narrow margin in average ratings, it’s safer to escalate.  
DECISION: 1",,,2026-03-16T18:48:28.122739
avg_diff_005_015,1,1,1,0,"Person 1 has reviewed the following movies:

- Jay and Silent Bob Strike Back (2001) (Adventure|Comedy): Rated 4.0/5
- Dante's Peak (1997) (Action|Thriller): Rated 5.0/5
- Bone Collector, The (1999) (Thriller): Rated 4.0/5
- American Tail, An (1986) (Adventure|Animation|Children|Comedy): Rated 5.0/5
- Pitch Black (2000) (Horror|Sci-Fi|Thriller): Rated 5.0/5

Consider these two movies they have not seen:

- Movie A: Jackal, The (1997) (Action|Thriller), average rating 3.11/5 (174 ratings)
- Movie B: Perfect Storm, The (2000) (Drama|Thriller), average rating 3.05/5 (371 ratings)

TASK: Predict which movie Person 1 would rate higher. Explain your reasoning in 1 sentence. Then conclude with exactly 'PREDICTION: 1' (Movie A) or 'PREDICTION: 0' (Movie B).","You predicted Person 1's movie preference above.
TASK: Should we implement your prediction, or escalate to Person 1?
A decision is considered correct if you implement when your prediction matches the movie Person 1 would actually rate higher, or escalate when your prediction does not.
Explain your reasoning in 1-2 sentences, then conclude with exactly 'DECISION: 0' (implement) or 'DECISION: 1' (escalate).","Person 1 consistently rates thrillers and action films highly (e.g., Dante’s Peak, Bone Collector, Pitch Black), and while both movies are thrillers, Movie A (The Jackal) is an action-thriller aligning more closely with their high-rated preferences than Movie B’s drama-heavy The Perfect Storm.  
PREDICTION: 1","Person 1 has a strong pattern of favoring high-energy thrillers and action films with ratings of 4.0–5.0, and while The Jackal has a lower average rating, its genre alignment with their top-rated films (Dante’s Peak, The Bone Collector) makes it a more likely match than the drama-leaning The Perfect Storm. The low average ratings of both films are likely due to broader audience tastes, not personal fit—so our prediction is well-grounded in their demonstrated preferences.  
DECISION: 0",,,2026-03-16T18:48:28.288146
avg_diff_005_015,1,1,1,1,"Person 1 has reviewed the following movies:

- Philadelphia (1993) (Drama): Rated 3.0/5
- Body Heat (1981) (Crime|Thriller): Rated 4.0/5
- Gandhi (1982) (Drama): Rated 4.0/5
- My Favorite Year (1982) (Comedy): Rated 3.0/5
- Spellbound (1945) (Mystery|Romance|Thriller): Rated 4.0/5

Consider these two movies they have not seen:

- Movie A: Blood Simple (1984) (Crime|Drama|Film-Noir), average rating 3.99/5 (206 ratings)
- Movie B: Heavenly Creatures (1994) (Crime|Drama), average rating 3.87/5 (274 ratings)

TASK: Predict which movie Person 1 would rate higher. Explain your reasoning in 1 sentence. Then conclude with exactly 'PREDICTION: 1' (Movie A) or 'PREDICTION: 0' (Movie B).","You predicted Person 1's movie preference above.
TASK: Should we implement your prediction, or escalate to Person 1?
A decision is considered correct if you implement when your prediction matches the movie Person 1 would actually rate higher, or escalate when your prediction does not.
Explain your reasoning in 1-2 sentences, then conclude with exactly 'DECISION: 0' (implement) or 'DECISION: 1' (escalate).","Person 1 has a clear preference for critically acclaimed dramas and thrillers with strong narratives (e.g., Gandhi, Spellbound, Body Heat), and while both movies are similar in genre, Blood Simple’s film-noir style and slightly higher average rating align more closely with their taste for moody, atmospheric crime thrillers like Body Heat.  
PREDICTION: 1","While my prediction is grounded in genre alignment and Person 1’s documented preference for high-quality dramas/thrillers, the difference in average ratings between the two films is minimal, and personal taste in tone (e.g., noir vs. psychological drama) could sway their actual rating unpredictably. Given the stakes of accuracy and the closeness of the data, it’s safer to confirm directly.  
DECISION: 1",,,2026-03-16T18:48:28.462236
avg_diff_005_015,0,1,0,0,"Person 1 has reviewed the following movies:

- Godfather: Part II, The (1974) (Crime|Drama): Rated 4.0/5
- Iron Man (2008) (Action|Adventure|Sci-Fi): Rated 3.0/5
- Snatch (2000) (Comedy|Crime|Thriller): Rated 4.0/5
- City of God (Cidade de Deus) (2002) (Action|Adventure|Crime|Drama|Thriller): Rated 5.0/5
- Sin City (2005) (Action|Crime|Film-Noir|Mystery|Thriller): Rated 5.0/5

Consider these two movies they have not seen:

- Movie A: Batman Begins (2005) (Action|Crime|IMAX), average rating 3.90/5 (1289 ratings)
- Movie B: Slumdog Millionaire (2008) (Crime|Drama|Romance), average rating 3.84/5 (802 ratings)

TASK: Predict which movie Person 1 would rate higher. Explain your reasoning in 1 sentence. Then conclude with exactly 'PREDICTION: 1' (Movie A) or 'PREDICTION: 0' (Movie B).","You predicted Person 1's movie preference above.
TASK: Should we implement your prediction, or escalate to Person 1?
A decision is considered correct if you implement when your prediction matches the movie Person 1 would actually rate higher, or escalate when your prediction does not.
Explain your reasoning in 1-2 sentences, then conclude with exactly 'DECISION: 0' (implement) or 'DECISION: 1' (escalate).","Person 1 consistently rates crime and drama-heavy films with high scores (e.g., 5.0 for City of God and Sin City), and while both movies are crime/drama, Batman Begins aligns more closely with their preference for gritty, stylized crime/action (like Sin City and Snatch) over the more sentimental, romance-infused Slumdog Millionaire.  
PREDICTION: 1","Person 1’s high ratings for crime-heavy, visually stylized films like Sin City and City of God suggest a strong preference for dark, gritty narratives over emotionally driven dramas like Slumdog Millionaire, making Batman Begins a more likely match. The prediction aligns with their established taste, so we can confidently implement it.  
DECISION: 0",,,2026-03-16T18:48:28.474262
avg_diff_005_015,0,1,0,0,"Person 1 has reviewed the following movies:

- E.T. the Extra-Terrestrial (1982) (Children|Drama|Sci-Fi): Rated 4.0/5
- Ghostbusters (a.k.a. Ghost Busters) (1984) (Action|Comedy|Sci-Fi): Rated 4.0/5
- Citizen Kane (1941) (Drama|Mystery): Rated 3.0/5
- Godfather, The (1972) (Crime|Drama): Rated 3.0/5
- Killing Fields, The (1984) (Drama|War): Rated 5.0/5

Consider these two movies they have not seen:

- Movie A: Boot, Das (Boat, The) (1981) (Action|Drama|War), average rating 4.16/5 (510 ratings)
- Movie B: Gilda (1946) (Drama|Film-Noir|Mystery|Romance), average rating 4.03/5 (46 ratings)

TASK: Predict which movie Person 1 would rate higher. Explain your reasoning in 1 sentence. Then conclude with exactly 'PREDICTION: 1' (Movie A) or 'PREDICTION: 0' (Movie B).","You predicted Person 1's movie preference above.
TASK: Should we implement your prediction, or escalate to Person 1?
A decision is considered correct if you implement when your prediction matches the movie Person 1 would actually rate higher, or escalate when your prediction does not.
Explain your reasoning in 1-2 sentences, then conclude with exactly 'DECISION: 0' (implement) or 'DECISION: 1' (escalate).","Person 1 has a strong preference for intense, emotionally weighty dramas and war films (evidenced by their 5.0 rating for *The Killing Fields*), and *Boot, Das* (a war drama with action elements) aligns more closely with that taste than the film-noir romance *Gilda*.  
PREDICTION: 1","Person 1’s high rating for *The Killing Fields* (a harrowing war drama) strongly suggests they resonate with serious, historically grounded war narratives—*Boot, Das* fits this pattern far better than the stylized noir romance of *Gilda*. The average ratings and genre alignment support a confident prediction.  
DECISION: 0",,,2026-03-16T18:48:28.699006
avg_diff_005_015,0,1,0,0,"Person 1 has reviewed the following movies:

- Brady Bunch Movie, The (1995) (Comedy): Rated 1.0/5
- Mallrats (1995) (Comedy|Romance): Rated 3.5/5
- Godfather: Part II, The (1974) (Crime|Drama): Rated 5.0/5
- Stripes (1981) (Comedy|War): Rated 4.0/5
- Godfather: Part III, The (1990) (Crime|Drama|Mystery|Thriller): Rated 2.5/5

Consider these two movies they have not seen:

- Movie A: Caddyshack (1980) (Comedy), average rating 3.64/5 (316 ratings)
- Movie B: Beverly Hills Cop (1984) (Action|Comedy|Crime|Drama), average rating 3.59/5 (427 ratings)

TASK: Predict which movie Person 1 would rate higher. Explain your reasoning in 1 sentence. Then conclude with exactly 'PREDICTION: 1' (Movie A) or 'PREDICTION: 0' (Movie B).","You predicted Person 1's movie preference above.
TASK: Should we implement your prediction, or escalate to Person 1?
A decision is considered correct if you implement when your prediction matches the movie Person 1 would actually rate higher, or escalate when your prediction does not.
Explain your reasoning in 1-2 sentences, then conclude with exactly 'DECISION: 0' (implement) or 'DECISION: 1' (escalate).","Person 1 strongly prefers comedies with high personal ratings (e.g., Stripes 4.0, Mallrats 3.5) and dislikes low-quality comedies (Brady Bunch 1.0), and since Caddyshack is a pure comedy with a slightly higher average rating and aligns better with their taste for classic 80s comedies than the genre-blended Beverly Hills Cop, they would likely rate Caddyshack higher.  
PREDICTION: 1","My prediction is based on Person 1’s clear preference for classic 80s comedies (e.g., Stripes, Mallrats) and their low rating of a forced, campy comedy (Brady Bunch), making Caddyshack a more likely fit than the action-comedy hybrid Beverly Hills Cop—this reasoning aligns with their established taste patterns. Since the prediction is grounded in consistent behavioral signals and the average ratings are nearly identical, it’s reasonable to act on it.  
DECISION: 0",,,2026-03-16T18:48:28.789607
avg_diff_005_015,0,0,1,0,"Person 1 has reviewed the following movies:

- City of God (Cidade de Deus) (2002) (Action|Adventure|Crime|Drama|Thriller): Rated 4.0/5
- La La Land (2016) (Comedy|Drama|Romance): Rated 3.0/5
- Lord of the Rings: The Fellowship of the Ring, The (2001) (Adventure|Fantasy): Rated 4.5/5
- Ghostbusters (a.k.a. Ghost Busters) (1984) (Action|Comedy|Sci-Fi): Rated 3.0/5
- WALL·E (2008) (Adventure|Animation|Children|Romance|Sci-Fi): Rated 5.0/5

Consider these two movies they have not seen:

- Movie A: Goodfellas (1990) (Crime|Drama), average rating 4.23/5 (1300 ratings)
- Movie B: Lord of the Rings: The Return of the King, The (2003) (Action|Adventure|Drama|Fantasy), average rating 4.09/5 (2146 ratings)

TASK: Predict which movie Person 1 would rate higher. Explain your reasoning in 1 sentence. Then conclude with exactly 'PREDICTION: 1' (Movie A) or 'PREDICTION: 0' (Movie B).","You predicted Person 1's movie preference above.
TASK: Should we implement your prediction, or escalate to Person 1?
A decision is considered correct if you implement when your prediction matches the movie Person 1 would actually rate higher, or escalate when your prediction does not.
Explain your reasoning in 1-2 sentences, then conclude with exactly 'DECISION: 0' (implement) or 'DECISION: 1' (escalate).","Person 1 gave a high rating (4.5/5) to The Fellowship of the Ring, indicating a strong preference for the Lord of the Rings franchise, so they are likely to rate The Return of the King higher than Goodfellas, despite Goodfellas’ slightly higher average rating.  
PREDICTION: 0","Person 1’s high rating for The Fellowship of the Ring strongly suggests they value the Lord of the Rings series, making it highly likely they’d rate The Return of the King higher than Goodfellas, even though Goodfellas has a higher average rating — personal preference for a franchise often outweighs general popularity.  
DECISION: 0",,,2026-03-16T18:48:29.000376
avg_diff_005_015,1,1,1,0,"Person 1 has reviewed the following movies:

- Last Samurai, The (2003) (Action|Adventure|Drama|War): Rated 3.5/5
- 22 Jump Street (2014) (Action|Comedy|Crime): Rated 2.5/5
- Dark Knight Rises, The (2012) (Action|Adventure|Crime|IMAX): Rated 5.0/5
- Illusionist, The (2006) (Drama|Fantasy|Mystery|Romance): Rated 5.0/5
- Django Unchained (2012) (Action|Drama|Western): Rated 3.0/5

Consider these two movies they have not seen:

- Movie A: Harry Potter and the Prisoner of Azkaban (2004) (Adventure|Fantasy|IMAX), average rating 3.85/5 (982 ratings)
- Movie B: Star Trek (2009) (Action|Adventure|Sci-Fi|IMAX), average rating 3.79/5 (635 ratings)

TASK: Predict which movie Person 1 would rate higher. Explain your reasoning in 1 sentence. Then conclude with exactly 'PREDICTION: 1' (Movie A) or 'PREDICTION: 0' (Movie B).","You predicted Person 1's movie preference above.
TASK: Should we implement your prediction, or escalate to Person 1?
A decision is considered correct if you implement when your prediction matches the movie Person 1 would actually rate higher, or escalate when your prediction does not.
Explain your reasoning in 1-2 sentences, then conclude with exactly 'DECISION: 0' (implement) or 'DECISION: 1' (escalate).","Person 1 highly rated visually rich, thematically deep films like *The Dark Knight Rises* and *The Illusionist*, which share elements of grand spectacle and narrative complexity with *Harry Potter and the Prisoner of Azkaban*, while *Star Trek* leans more toward rebooted sci-fi action, which aligns less with their preferences (e.g., low rating for *22 Jump Street*), so they are likely to rate Movie A higher.  
PREDICTION: 1","My prediction is based on Person 1’s clear preference for visually immersive, emotionally layered films with strong direction and tone—traits shared by *Prisoner of Azkaban* and their top-rated films—while *Star Trek* (2009) is more of a fast-paced reboot, which aligns poorly with their low rating of similar action-comedies like *22 Jump Street*. The average ratings are close, but personal taste patterns strongly favor Movie A.  
DECISION: 0",,,2026-03-16T18:48:29.643353
avg_diff_005_015,0,1,0,0,"Person 1 has reviewed the following movies:

- Batman Begins (2005) (Action|Crime|IMAX): Rated 3.5/5
- Manchurian Candidate, The (2004) (Thriller): Rated 3.5/5
- Bourne Identity, The (2002) (Action|Mystery|Thriller): Rated 4.0/5
- Kill Bill: Vol. 1 (2003) (Action|Crime|Thriller): Rated 4.5/5
- Forrest Gump (1994) (Comedy|Drama|Romance|War): Rated 3.5/5

Consider these two movies they have not seen:

- Movie A: Departed, The (2006) (Crime|Drama|Thriller), average rating 4.13/5 (1078 ratings)
- Movie B: Star Wars: Episode VI - Return of the Jedi (1983) (Action|Adventure|Sci-Fi), average rating 4.00/5 (2052 ratings)

TASK: Predict which movie Person 1 would rate higher. Explain your reasoning in 1 sentence. Then conclude with exactly 'PREDICTION: 1' (Movie A) or 'PREDICTION: 0' (Movie B).","You predicted Person 1's movie preference above.
TASK: Should we implement your prediction, or escalate to Person 1?
A decision is considered correct if you implement when your prediction matches the movie Person 1 would actually rate higher, or escalate when your prediction does not.
Explain your reasoning in 1-2 sentences, then conclude with exactly 'DECISION: 0' (implement) or 'DECISION: 1' (escalate).","Person 1 consistently rates thrillers and crime films highly (e.g., Kill Bill: 4.5, Bourne Identity: 4.0), and The Departed fits this pattern perfectly with its crime/thriller genre and higher average rating, while Return of the Jedi, though popular, is outside their preferred genre mix.  
PREDICTION: 1","Person 1’s demonstrated preference for intense, gritty thrillers and crime films strongly aligns with The Departed’s tone and genre, while Star Wars: Return of the Jedi, though popular, falls outside their established tastes—making the prediction highly reliable.  
DECISION: 0",,,2026-03-16T18:48:29.818250
avg_diff_005_015,1,0,0,1,"Person 1 has reviewed the following movies:

- Batman (1989) (Action|Crime|Thriller): Rated 4.0/5
- Ace Ventura: When Nature Calls (1995) (Comedy): Rated 4.0/5
- Babe (1995) (Children|Drama): Rated 5.0/5
- Milk Money (1994) (Comedy|Romance): Rated 4.0/5
- Free Willy 2: The Adventure Home (1995) (Adventure|Children|Drama): Rated 5.0/5

Consider these two movies they have not seen:

- Movie A: Interview with the Vampire: The Vampire Chronicles (1994) (Drama|Horror), average rating 3.48/5 (956 ratings)
- Movie B: Tommy Boy (1995) (Comedy), average rating 3.37/5 (357 ratings)

TASK: Predict which movie Person 1 would rate higher. Explain your reasoning in 1 sentence. Then conclude with exactly 'PREDICTION: 1' (Movie A) or 'PREDICTION: 0' (Movie B).","You predicted Person 1's movie preference above.
TASK: Should we implement your prediction, or escalate to Person 1?
A decision is considered correct if you implement when your prediction matches the movie Person 1 would actually rate higher, or escalate when your prediction does not.
Explain your reasoning in 1-2 sentences, then conclude with exactly 'DECISION: 0' (implement) or 'DECISION: 1' (escalate).","Person 1 has a strong preference for family-friendly, emotionally uplifting films (evidenced by 5.0 ratings for Babe and Free Willy 2) and enjoys comedies (4.0 ratings for Ace Ventura and Milk Money), making Tommy Boy—a comedic film—more aligned with their tastes than the dark horror-drama Interview with the Vampire.  
PREDICTION: 0","While Tommy Boy aligns with Person 1’s comedy preferences, the average rating of 3.37 is notably lower than the 4.0+ ratings they consistently give, and their taste for heartfelt, family-oriented stories (Babe, Free Willy) may not fully translate to Tommy Boy’s crude, slapstick humor. Given the uncertainty and high stakes of mispredicting a preference with such clear patterns, it’s safer to escalate.  
DECISION: 1",,,2026-03-16T18:48:30.398524
avg_diff_005_015,1,0,0,1,"Person 1 has reviewed the following movies:

- Bruce Almighty (2003) (Comedy|Drama|Fantasy|Romance): Rated 2.0/5
- Illusionist, The (2006) (Drama|Fantasy|Mystery|Romance): Rated 3.0/5
- Shawshank Redemption, The (1994) (Crime|Drama): Rated 3.5/5
- Léon: The Professional (a.k.a. The Professional) (Léon) (1994) (Action|Crime|Drama|Thriller): Rated 3.5/5
- Finding Nemo (2003) (Adventure|Animation|Children|Comedy): Rated 2.5/5

Consider these two movies they have not seen:

- Movie A: Inception (2010) (Action|Crime|Drama|Mystery|Sci-Fi|Thriller|IMAX), average rating 4.16/5 (1875 ratings)
- Movie B: Taxi Driver (1976) (Crime|Drama|Thriller), average rating 4.07/5 (1191 ratings)

TASK: Predict which movie Person 1 would rate higher. Explain your reasoning in 1 sentence. Then conclude with exactly 'PREDICTION: 1' (Movie A) or 'PREDICTION: 0' (Movie B).","You predicted Person 1's movie preference above.
TASK: Should we implement your prediction, or escalate to Person 1?
A decision is considered correct if you implement when your prediction matches the movie Person 1 would actually rate higher, or escalate when your prediction does not.
Explain your reasoning in 1-2 sentences, then conclude with exactly 'DECISION: 0' (implement) or 'DECISION: 1' (escalate).","Person 1 has consistently rated films with intense drama, crime, and thriller elements (like *Léon* and *Shawshank*) higher than pure comedies or family animations, and both *Inception* and *Taxi Driver* align with those genres—but *Taxi Driver*’s grittier, character-driven crime drama more closely mirrors the tone of their top-rated films than *Inception*’s spectacle-driven sci-fi.  
PREDICTION: 0","While *Taxi Driver* aligns closely with Person 1’s preference for intense crime/drama films like *Léon* and *Shawshank*, *Inception*’s complex narrative and emotional depth may also resonate—especially since Person 1 gave *The Illusionist* (a moody, atmospheric drama) a 3.0, suggesting appreciation for layered storytelling. The gap in ratings is small, and without knowing their tolerance for bleakness or ambiguity, it’s safer to escalate.  
DECISION: 1",,,2026-03-16T18:48:30.513958
avg_diff_005_015,1,1,1,1,"Person 1 has reviewed the following movies:

- Toy Story 2 (1999) (Adventure|Animation|Children|Comedy|Fantasy): Rated 4.0/5
- Harry Potter and the Deathly Hallows: Part 1 (2010) (Action|Adventure|Fantasy|IMAX): Rated 5.0/5
- Harry Potter and the Half-Blood Prince (2009) (Adventure|Fantasy|Mystery|Romance|IMAX): Rated 5.0/5
- Finding Nemo (2003) (Adventure|Animation|Children|Comedy): Rated 3.5/5
- Shutter Island (2010) (Drama|Mystery|Thriller): Rated 4.5/5

Consider these two movies they have not seen:

- Movie A: Rain Man (1988) (Drama), average rating 3.93/5 (1068 ratings)
- Movie B: Into the Wild (2007) (Action|Adventure|Drama), average rating 3.86/5 (485 ratings)

TASK: Predict which movie Person 1 would rate higher. Explain your reasoning in 1 sentence. Then conclude with exactly 'PREDICTION: 1' (Movie A) or 'PREDICTION: 0' (Movie B).","You predicted Person 1's movie preference above.
TASK: Should we implement your prediction, or escalate to Person 1?
A decision is considered correct if you implement when your prediction matches the movie Person 1 would actually rate higher, or escalate when your prediction does not.
Explain your reasoning in 1-2 sentences, then conclude with exactly 'DECISION: 0' (implement) or 'DECISION: 1' (escalate).","Person 1 has a strong preference for emotionally intense, character-driven dramas (evidenced by high ratings for Shutter Island and the Harry Potter films), and while both movies are dramas, Rain Man’s critical acclaim and focus on deep human relationships align more closely with their taste than Into the Wild’s more abstract, adventure-tinged tone.  
PREDICTION: 1","While Rain Man aligns better with Person 1’s taste for emotionally resonant dramas, their high ratings for fantasy/adventure films suggest they may not prioritize slow-paced, character-driven narratives over more visually or narratively immersive experiences—making the prediction uncertain without direct confirmation.  
DECISION: 1",,,2026-03-16T18:48:30.519912
avg_diff_005_015,1,0,0,0,"Person 1 has reviewed the following movies:

- Tetris (2023) (Drama): Rated 4.0/5
- Afflicted (2013) (Horror|Sci-Fi|Thriller): Rated 4.0/5
- Hangover, The (2009) (Comedy|Crime): Rated 4.0/5
- [REC] (2007) (Drama|Horror|Thriller): Rated 4.0/5
- Harry Potter and the Goblet of Fire (2005) (Adventure|Fantasy|Thriller|IMAX): Rated 4.0/5

Consider these two movies they have not seen:

- Movie A: Senna (2010) (Documentary), average rating 3.95/5 (76 ratings)
- Movie B: Limitless (2011) (Sci-Fi|Thriller), average rating 3.88/5 (509 ratings)

TASK: Predict which movie Person 1 would rate higher. Explain your reasoning in 1 sentence. Then conclude with exactly 'PREDICTION: 1' (Movie A) or 'PREDICTION: 0' (Movie B).","You predicted Person 1's movie preference above.
TASK: Should we implement your prediction, or escalate to Person 1?
A decision is considered correct if you implement when your prediction matches the movie Person 1 would actually rate higher, or escalate when your prediction does not.
Explain your reasoning in 1-2 sentences, then conclude with exactly 'DECISION: 0' (implement) or 'DECISION: 1' (escalate).","Person 1 has a strong preference for high-rated, intense genre films (horror, thriller, drama, fantasy) with consistent 4.0/5 ratings, and Limitless (Sci-Fi|Thriller) aligns more closely with their established tastes than the documentary Senna.  
PREDICTION: 0","Person 1 consistently rates high-energy, genre-driven films (horror, thriller, fantasy) with perfect 4.0 scores, and Limitless fits that pattern far better than the documentary Senna — the slight difference in average ratings is negligible compared to genre alignment.  
DECISION: 0",,,2026-03-16T18:48:31.694698
avg_diff_005_015,0,1,0,0,"Person 1 has reviewed the following movies:

- X-Men: First Class (2011) (Action|Adventure|Sci-Fi|Thriller|War): Rated 2.5/5
- Godzilla (1998) (Action|Sci-Fi|Thriller): Rated 2.5/5
- Interstellar (2014) (Sci-Fi|IMAX): Rated 3.0/5
- Scream 2 (1997) (Comedy|Horror|Mystery|Thriller): Rated 2.5/5
- Edge of Tomorrow (2014) (Action|Sci-Fi|IMAX): Rated 4.0/5

Consider these two movies they have not seen:

- Movie A: Abyss, The (1989) (Action|Adventure|Sci-Fi|Thriller), average rating 3.67/5 (634 ratings)
- Movie B: Sleepy Hollow (1999) (Fantasy|Horror|Mystery|Romance), average rating 3.54/5 (572 ratings)

TASK: Predict which movie Person 1 would rate higher. Explain your reasoning in 1 sentence. Then conclude with exactly 'PREDICTION: 1' (Movie A) or 'PREDICTION: 0' (Movie B).","You predicted Person 1's movie preference above.
TASK: Should we implement your prediction, or escalate to Person 1?
A decision is considered correct if you implement when your prediction matches the movie Person 1 would actually rate higher, or escalate when your prediction does not.
Explain your reasoning in 1-2 sentences, then conclude with exactly 'DECISION: 0' (implement) or 'DECISION: 1' (escalate).","Person 1 consistently rates sci-fi and action-thriller films higher (e.g., Edge of Tomorrow at 4.0, Interstellar at 3.0), while avoiding fantasy/romance elements, making Movie A (The Abyss) a better match for their preferences than Movie B (Sleepy Hollow).  
PREDICTION: 1","Person 1’s pattern shows a clear preference for sci-fi/action-thrillers over fantasy/romance, and The Abyss aligns perfectly with their rated films, while Sleepy Hollow’s gothic romance elements are absent from their taste. The average ratings further support this, making the prediction reliable.  
DECISION: 0",,,2026-03-16T18:48:31.799386
avg_diff_005_015,1,0,0,1,"Person 1 has reviewed the following movies:

- Forrest Gump (1994) (Comedy|Drama|Romance|War): Rated 4.0/5
- Alice in Wonderland (1951) (Adventure|Animation|Children|Fantasy|Musical): Rated 4.0/5
- Cloverfield (2008) (Action|Mystery|Sci-Fi|Thriller): Rated 2.0/5
- Moon (2009) (Drama|Mystery|Sci-Fi|Thriller): Rated 4.5/5
- Anchorman: The Legend of Ron Burgundy (2004) (Comedy): Rated 3.5/5

Consider these two movies they have not seen:

- Movie A: Office Space (1999) (Comedy|Crime), average rating 3.97/5 (853 ratings)
- Movie B: Game, The (1997) (Drama|Mystery|Thriller), average rating 3.84/5 (743 ratings)

TASK: Predict which movie Person 1 would rate higher. Explain your reasoning in 1 sentence. Then conclude with exactly 'PREDICTION: 1' (Movie A) or 'PREDICTION: 0' (Movie B).","You predicted Person 1's movie preference above.
TASK: Should we implement your prediction, or escalate to Person 1?
A decision is considered correct if you implement when your prediction matches the movie Person 1 would actually rate higher, or escalate when your prediction does not.
Explain your reasoning in 1-2 sentences, then conclude with exactly 'DECISION: 0' (implement) or 'DECISION: 1' (escalate).","Person 1 highly rated thoughtful, character-driven Sci-Fi/Drama films like Moon (4.5) and Alice in Wonderland (4.0), and moderately liked comedies like Anchorman (3.5), but disliked intense thrillers like Cloverfield (2.0); Movie B (The Game) aligns more closely with their taste for psychological drama and mystery, while Movie A (Office Space) is a satirical comedy that may not resonate as strongly given their mixed comedy ratings.  
PREDICTION: 0","While my prediction leans toward Movie B due to its psychological thriller/drama elements matching Moon and Alice’s tone, Person 1’s low rating for Cloverfield (a thriller) suggests they may dislike intense, ambiguous thrillers—making Movie A’s satirical comedy a safer bet given their 3.5 rating for Anchorman. The uncertainty in their comedy vs. thriller preference warrants confirmation.  
DECISION: 1",,,2026-03-16T18:48:32.238179
avg_diff_005_015,1,1,1,1,"Person 1 has reviewed the following movies:

- Religulous (2008) (Comedy|Documentary): Rated 1.0/5
- 42 (2013) (Drama): Rated 5.0/5
- Green Book (2018) (Comedy|Drama): Rated 4.5/5
- The Post (2017) (Drama|Thriller): Rated 4.5/5
- Kingsman: The Secret Service (2015) (Action|Adventure|Comedy|Crime): Rated 4.5/5

Consider these two movies they have not seen:

- Movie A: Bucket List, The (2007) (Comedy|Drama), average rating 3.61/5 (173 ratings)
- Movie B: Spider-Man (2002) (Action|Adventure|Sci-Fi|Thriller), average rating 3.48/5 (1243 ratings)

TASK: Predict which movie Person 1 would rate higher. Explain your reasoning in 1 sentence. Then conclude with exactly 'PREDICTION: 1' (Movie A) or 'PREDICTION: 0' (Movie B).","You predicted Person 1's movie preference above.
TASK: Should we implement your prediction, or escalate to Person 1?
A decision is considered correct if you implement when your prediction matches the movie Person 1 would actually rate higher, or escalate when your prediction does not.
Explain your reasoning in 1-2 sentences, then conclude with exactly 'DECISION: 0' (implement) or 'DECISION: 1' (escalate).","Person 1 consistently rates drama and comedy films highly (e.g., 4.5–5.0 for Green Book, The Post, 42) and has a strong aversion to documentaries with satirical/comedic takes on serious topics (Religulous at 1.0), making them more likely to prefer the comedy-drama Bucket List over the superhero sci-fi action of Spider-Man despite its lower average rating.  
PREDICTION: 1","While the prediction is logically grounded in Person 1’s clear preference for drama/comedy and aversion to satirical documentaries, their lack of exposure to superhero or sci-fi genres makes it uncertain whether they’d dislike Spider-Man—especially since they enjoyed Kingsman, which blends action, comedy, and adventure. Without direct evidence of their taste in sci-fi action, the risk of misprediction is nontrivial.  
DECISION: 1",,,2026-03-16T18:48:33.615539
avg_diff_005_015,0,1,0,0,"Person 1 has reviewed the following movies:

- Sixth Sense, The (1999) (Drama|Horror|Mystery): Rated 4.0/5
- The Martian (2015) (Adventure|Drama|Sci-Fi): Rated 3.5/5
- Gladiator (2000) (Action|Adventure|Drama): Rated 3.0/5
- Rain Man (1988) (Drama): Rated 3.0/5
- Forrest Gump (1994) (Comedy|Drama|Romance|War): Rated 3.5/5

Consider these two movies they have not seen:

- Movie A: No Country for Old Men (2007) (Crime|Drama), average rating 4.03/5 (902 ratings)
- Movie B: Terminator, The (1984) (Action|Sci-Fi|Thriller), average rating 3.90/5 (1471 ratings)

TASK: Predict which movie Person 1 would rate higher. Explain your reasoning in 1 sentence. Then conclude with exactly 'PREDICTION: 1' (Movie A) or 'PREDICTION: 0' (Movie B).","You predicted Person 1's movie preference above.
TASK: Should we implement your prediction, or escalate to Person 1?
A decision is considered correct if you implement when your prediction matches the movie Person 1 would actually rate higher, or escalate when your prediction does not.
Explain your reasoning in 1-2 sentences, then conclude with exactly 'DECISION: 0' (implement) or 'DECISION: 1' (escalate).","Person 1 consistently rates dramatic, psychologically nuanced films higher (e.g., The Sixth Sense at 4.0), and No Country for Old Men aligns more closely with their preference for intense, character-driven drama than the action-heavy Terminator.  
PREDICTION: 1","Person 1’s highest-rated film is The Sixth Sense—a slow-burn, atmospheric drama with psychological depth—matching No Country for Old Men’s tone far more than the action-driven Terminator, making the prediction reliable.  
DECISION: 0",,,2026-03-16T18:48:33.673506
avg_diff_005_015,1,1,1,1,"Person 1 has reviewed the following movies:

- Batman Begins (2005) (Action|Crime|IMAX): Rated 3.5/5
- Illusionist, The (2006) (Drama|Fantasy|Mystery|Romance): Rated 3.5/5
- Shawshank Redemption, The (1994) (Crime|Drama): Rated 3.0/5
- Paperman (2012) (Animation|Comedy|Romance): Rated 5.0/5
- Princess Bride, The (1987) (Action|Adventure|Comedy|Fantasy|Romance): Rated 3.5/5

Consider these two movies they have not seen:

- Movie A: Amelie (Fabuleux destin d'Amélie Poulain, Le) (2001) (Comedy|Romance), average rating 4.07/5 (1338 ratings)
- Movie B: Django Unchained (2012) (Action|Drama|Western), average rating 4.01/5 (1041 ratings)

TASK: Predict which movie Person 1 would rate higher. Explain your reasoning in 1 sentence. Then conclude with exactly 'PREDICTION: 1' (Movie A) or 'PREDICTION: 0' (Movie B).","You predicted Person 1's movie preference above.
TASK: Should we implement your prediction, or escalate to Person 1?
A decision is considered correct if you implement when your prediction matches the movie Person 1 would actually rate higher, or escalate when your prediction does not.
Explain your reasoning in 1-2 sentences, then conclude with exactly 'DECISION: 0' (implement) or 'DECISION: 1' (escalate).","Person 1 has a strong preference for visually charming, emotionally warm, and whimsical stories (evidenced by their perfect 5.0 rating for Paperman and consistent 3.5 ratings for romantic/fantasy films like The Princess Bride and The Illusionist), making Amelie—a quirky, visually poetic romance—more aligned with their tastes than the violent, gritty Django Unchained.  
PREDICTION: 1","While my prediction is grounded in stylistic and tonal alignment with Person 1’s known preferences—especially their high rating for Paperman and affinity for romantic, whimsical narratives—Amelie’s French indie tone and slower pace introduce uncertainty, and Person 1’s low rating of The Shawshank Redemption suggests they may not favor intense drama even if it’s well-regarded. Without explicit confirmation, it’s safer to escalate.  
DECISION: 1",,,2026-03-16T18:48:33.806459
avg_diff_005_015,1,1,1,0,"Person 1 has reviewed the following movies:

- Bamba, La (1987) (Drama): Rated 4.0/5
- Searching for Bobby Fischer (1993) (Drama): Rated 5.0/5
- Working Girl (1988) (Comedy|Drama|Romance): Rated 5.0/5
- Indiana Jones and the Last Crusade (1989) (Action|Adventure): Rated 4.0/5
- The Falcon and the Snowman (1985) (Crime|Drama|Thriller): Rated 4.0/5

Consider these two movies they have not seen:

- Movie A: Ran (1985) (Drama|War), average rating 4.24/5 (217 ratings)
- Movie B: Blade Runner (1982) (Action|Sci-Fi|Thriller), average rating 4.10/5 (1417 ratings)

TASK: Predict which movie Person 1 would rate higher. Explain your reasoning in 1 sentence. Then conclude with exactly 'PREDICTION: 1' (Movie A) or 'PREDICTION: 0' (Movie B).","You predicted Person 1's movie preference above.
TASK: Should we implement your prediction, or escalate to Person 1?
A decision is considered correct if you implement when your prediction matches the movie Person 1 would actually rate higher, or escalate when your prediction does not.
Explain your reasoning in 1-2 sentences, then conclude with exactly 'DECISION: 0' (implement) or 'DECISION: 1' (escalate).","Person 1 has a strong preference for dramas and critically acclaimed films with emotional depth and strong storytelling, as shown by their high ratings for *Searching for Bobby Fischer* and *Working Girl*, and while *Ran* is a dramatic war epic with a higher average rating than *Blade Runner*, the latter’s sci-fi/action tone is less aligned with their proven tastes.  
PREDICTION: 1","Person 1 consistently favors character-driven dramas with emotional resonance over genre-heavy films like sci-fi/action, and *Ran* aligns more closely with their rated preferences than *Blade Runner*, making the prediction reliable.  
DECISION: 0",,,2026-03-16T18:48:33.943907
avg_diff_005_015,0,1,0,0,"Person 1 has reviewed the following movies:

- Buddy Buddy (1981) (Comedy): Rated 3.0/5
- Batman & Robin (1997) (Action|Adventure|Fantasy|Thriller): Rated 2.5/5
- Some Like It Hot (1959) (Comedy|Crime): Rated 5.0/5
- Sabrina (1954) (Comedy|Romance): Rated 4.0/5
- Front Page, The (1974) (Comedy): Rated 4.5/5

Consider these two movies they have not seen:

- Movie A: Annie Hall (1977) (Comedy|Romance), average rating 4.00/5 (639 ratings)
- Movie B: Fortune Cookie, The (1966) (Comedy|Drama|Romance), average rating 3.85/5 (13 ratings)

TASK: Predict which movie Person 1 would rate higher. Explain your reasoning in 1 sentence. Then conclude with exactly 'PREDICTION: 1' (Movie A) or 'PREDICTION: 0' (Movie B).","You predicted Person 1's movie preference above.
TASK: Should we implement your prediction, or escalate to Person 1?
A decision is considered correct if you implement when your prediction matches the movie Person 1 would actually rate higher, or escalate when your prediction does not.
Explain your reasoning in 1-2 sentences, then conclude with exactly 'DECISION: 0' (implement) or 'DECISION: 1' (escalate).","Person 1 has a strong preference for classic comedies, especially those with romance or crime elements (e.g., 5.0 for Some Like It Hot, 4.5 for The Front Page), and Annie Hall (1977) aligns more closely with their taste in sophisticated, critically acclaimed 1970s comedies than the lesser-known, lower-rated Fortune Cookie (1966).  
PREDICTION: 1","Person 1’s historical ratings show a clear preference for highly rated classic comedies with strong critical reception, and Annie Hall is both a critically acclaimed masterpiece and thematically aligned with their top-rated films like Some Like It Hot and Sabrina, making the prediction highly reliable.  
DECISION: 0",,,2026-03-16T18:48:34.012251
avg_diff_005_015,1,1,1,1,"Person 1 has reviewed the following movies:

- Lord of the Rings: The Return of the King, The (2003) (Action|Adventure|Drama|Fantasy): Rated 4.5/5
- Schindler's List (1993) (Drama|War): Rated 4.0/5
- Spider-Man: No Way Home (2021) (Action|Adventure|Fantasy|Sci-Fi): Rated 3.5/5
- Avatar (2009) (Action|Adventure|Sci-Fi|IMAX): Rated 3.5/5
- V for Vendetta (2006) (Action|Sci-Fi|Thriller|IMAX): Rated 4.5/5

Consider these two movies they have not seen:

- Movie A: Seven (a.k.a. Se7en) (1995) (Mystery|Thriller), average rating 4.07/5 (1954 ratings)
- Movie B: Hotel Rwanda (2004) (Drama|War), average rating 3.94/5 (465 ratings)

TASK: Predict which movie Person 1 would rate higher. Explain your reasoning in 1 sentence. Then conclude with exactly 'PREDICTION: 1' (Movie A) or 'PREDICTION: 0' (Movie B).","You predicted Person 1's movie preference above.
TASK: Should we implement your prediction, or escalate to Person 1?
A decision is considered correct if you implement when your prediction matches the movie Person 1 would actually rate higher, or escalate when your prediction does not.
Explain your reasoning in 1-2 sentences, then conclude with exactly 'DECISION: 0' (implement) or 'DECISION: 1' (escalate).","Person 1 has a strong preference for high-rated, thematically intense films with moral weight and visual grandeur (e.g., The Lord of the Rings, V for Vendetta, Schindler’s List), and Seven’s darker psychological thriller tone and higher average rating align more closely with their tastes than Hotel Rwanda’s more documentary-style war drama.  
PREDICTION: 1","While Seven aligns with Person 1’s taste for intense, high-rated thrillers like V for Vendetta, Hotel Rwanda’s war/drama themes also resonate with their high rating of Schindler’s List—making the preference ambiguous without direct data. Given the close average ratings and overlapping genres, it’s safer to escalate to avoid misprediction.  
DECISION: 1",,,2026-03-16T18:48:34.439406
avg_diff_005_015,0,1,0,1,"Person 1 has reviewed the following movies:

- Edge of Tomorrow (2014) (Action|Sci-Fi|IMAX): Rated 4.0/5
- Amelie (Fabuleux destin d'Amélie Poulain, Le) (2001) (Comedy|Romance): Rated 4.5/5
- Terminator, The (1984) (Action|Sci-Fi|Thriller): Rated 3.0/5
- Alien (1979) (Horror|Sci-Fi): Rated 4.5/5
- Why Don't You Play In Hell? (Jigoku de naze warui) (2013) (Action|Drama): Rated 2.0/5

Consider these two movies they have not seen:

- Movie A: Blow-Up (Blowup) (1966) (Drama|Mystery), average rating 3.89/5 (90 ratings)
- Movie B: Eastern Promises (2007) (Crime|Drama|Thriller), average rating 3.77/5 (222 ratings)

TASK: Predict which movie Person 1 would rate higher. Explain your reasoning in 1 sentence. Then conclude with exactly 'PREDICTION: 1' (Movie A) or 'PREDICTION: 0' (Movie B).","You predicted Person 1's movie preference above.
TASK: Should we implement your prediction, or escalate to Person 1?
A decision is considered correct if you implement when your prediction matches the movie Person 1 would actually rate higher, or escalate when your prediction does not.
Explain your reasoning in 1-2 sentences, then conclude with exactly 'DECISION: 0' (implement) or 'DECISION: 1' (escalate).","Person 1 strongly prefers visually stylized, high-energy genre films with emotional depth (e.g., Amelie, Alien) and dislikes chaotic or overly grim narratives (e.g., Why Don't You Play In Hell?), making them more likely to appreciate the atmospheric mystery and artistic tone of Blow-Up over the gritty, violent realism of Eastern Promises.  
PREDICTION: 1","While my prediction is based on pattern recognition of Person 1’s taste for stylized, emotionally resonant genre films, Blow-Up’s arthouse, ambiguous nature is a significant departure from their known preferences, and Eastern Promises’ intense drama and realism might align more closely with their appreciation for Alien and Amelie’s tonal depth. Without explicit confirmation, the risk of misjudging their tolerance for slow-burn art films is high.  
DECISION: 1",,,2026-03-16T18:48:34.681200
avg_diff_005_015,1,1,1,0,"Person 1 has reviewed the following movies:

- Guys and Dolls (1955) (Comedy|Musical|Romance): Rated 4.0/5
- High Fidelity (2000) (Comedy|Drama|Romance): Rated 3.0/5
- Snow White and the Seven Dwarfs (1937) (Animation|Children|Drama|Fantasy|Musical): Rated 3.0/5
- Manhattan (1979) (Comedy|Drama|Romance): Rated 4.0/5
- Year of Living Dangerously, The (1982) (Drama|Romance|War): Rated 4.0/5

Consider these two movies they have not seen:

- Movie A: Some Like It Hot (1959) (Comedy|Crime), average rating 4.15/5 (417 ratings)
- Movie B: Blade Runner (1982) (Action|Sci-Fi|Thriller), average rating 4.10/5 (1417 ratings)

TASK: Predict which movie Person 1 would rate higher. Explain your reasoning in 1 sentence. Then conclude with exactly 'PREDICTION: 1' (Movie A) or 'PREDICTION: 0' (Movie B).","You predicted Person 1's movie preference above.
TASK: Should we implement your prediction, or escalate to Person 1?
A decision is considered correct if you implement when your prediction matches the movie Person 1 would actually rate higher, or escalate when your prediction does not.
Explain your reasoning in 1-2 sentences, then conclude with exactly 'DECISION: 0' (implement) or 'DECISION: 1' (escalate).","Person 1 has a strong preference for comedies, musicals, and romantic dramas (evidenced by high ratings for Guys and Dolls, Manhattan, and The Year of Living Dangerously), and has shown no interest in action, sci-fi, or thriller genres — making Some Like It Hot (a classic comedy with musical elements) far more aligned with their tastes than Blade Runner.  
PREDICTION: 1","Person 1’s historical preferences strongly favor comedic and romantic genres with emotional depth, and they’ve consistently rated musicals and character-driven comedies highly — making Some Like It Hot a far more likely fit than the cold, dystopian sci-fi of Blade Runner. The prediction is well-supported by genre alignment and past ratings, so no escalation is needed.  
DECISION: 0",,,2026-03-16T18:48:34.768620
avg_diff_005_015,1,1,1,1,"Person 1 has reviewed the following movies:

- Shutter Island (2010) (Drama|Mystery|Thriller): Rated 3.5/5
- Star Trek (2009) (Action|Adventure|Sci-Fi|IMAX): Rated 4.5/5
- Avatar (2009) (Action|Adventure|Sci-Fi|IMAX): Rated 3.5/5
- Django Unchained (2012) (Action|Drama|Western): Rated 4.5/5
- Reservoir Dogs (1992) (Crime|Mystery|Thriller): Rated 3.5/5

Consider these two movies they have not seen:

- Movie A: Princess Mononoke (Mononoke-hime) (1997) (Action|Adventure|Animation|Drama|Fantasy), average rating 4.23/5 (556 ratings)
- Movie B: Intouchables (2011) (Comedy|Drama), average rating 4.12/5 (595 ratings)

TASK: Predict which movie Person 1 would rate higher. Explain your reasoning in 1 sentence. Then conclude with exactly 'PREDICTION: 1' (Movie A) or 'PREDICTION: 0' (Movie B).","You predicted Person 1's movie preference above.
TASK: Should we implement your prediction, or escalate to Person 1?
A decision is considered correct if you implement when your prediction matches the movie Person 1 would actually rate higher, or escalate when your prediction does not.
Explain your reasoning in 1-2 sentences, then conclude with exactly 'DECISION: 0' (implement) or 'DECISION: 1' (escalate).","Person 1 consistently rates high-action, high-stakes genres like thriller, drama, and sci-fi highly (e.g., 4.5 for Star Trek and Django), and while both movies have strong average ratings, Movie A (Princess Mononoke) aligns more closely with their preference for epic, visually rich action-adventure with dramatic depth, similar to Avatar and Star Trek, whereas Movie B is a more subdued dramedy.  
PREDICTION: 1","While my prediction is grounded in genre alignment with Person 1’s high-rated films, Princess Mononoke’s animated fantasy style and slower, thematic pacing may not resonate as strongly as the more visceral, character-driven intensity of Django or Star Trek—making the human judgment of Intouchables’ emotional drama potentially more accurate. Since the difference in average ratings is small and personal taste in animation vs. live-action drama is uncertain, it’s safer to escalate.  
DECISION: 1",,,2026-03-16T18:48:35.381000
avg_diff_005_015,1,1,1,0,"Person 1 has reviewed the following movies:

- From Dusk Till Dawn (1996) (Action|Comedy|Horror|Thriller): Rated 4.5/5
- Election (1999) (Comedy): Rated 3.5/5
- Back to the Future (1985) (Adventure|Comedy|Sci-Fi): Rated 4.0/5
- Mars Attacks! (1996) (Action|Comedy|Sci-Fi): Rated 4.0/5
- Highlander (1986) (Action|Adventure|Fantasy): Rated 4.0/5

Consider these two movies they have not seen:

- Movie A: 10 Things I Hate About You (1999) (Comedy|Romance), average rating 3.61/5 (481 ratings)
- Movie B: Thomas Crown Affair, The (1999) (Action|Mystery), average rating 3.53/5 (401 ratings)

TASK: Predict which movie Person 1 would rate higher. Explain your reasoning in 1 sentence. Then conclude with exactly 'PREDICTION: 1' (Movie A) or 'PREDICTION: 0' (Movie B).","You predicted Person 1's movie preference above.
TASK: Should we implement your prediction, or escalate to Person 1?
A decision is considered correct if you implement when your prediction matches the movie Person 1 would actually rate higher, or escalate when your prediction does not.
Explain your reasoning in 1-2 sentences, then conclude with exactly 'DECISION: 0' (implement) or 'DECISION: 1' (escalate).","Person 1 has a strong preference for comedies (rated 4.5, 4.0, 4.0, 3.5 across four comedy-inclusive films) and Movie A (10 Things I Hate About You) is a comedy-romance with a slightly higher average rating than Movie B, which lacks comedy and aligns less with their taste.  
PREDICTION: 1","Person 1 consistently rates comedies highly, and 10 Things I Hate About You fits their established preference for comedy with a strong average rating, while The Thomas Crown Affair lacks the comedic element they enjoy. The prediction aligns with their pattern, so there’s no strong reason to doubt it.  
DECISION: 0",,,2026-03-16T18:48:35.449628
avg_diff_005_015,0,1,0,0,"Person 1 has reviewed the following movies:

- Cast Away (2000) (Drama): Rated 4.0/5
- Pleasantville (1998) (Comedy|Drama|Fantasy): Rated 4.0/5
- Top Gun (1986) (Action|Romance): Rated 3.0/5
- Wedding Planner, The (2001) (Comedy|Romance): Rated 3.0/5
- There's Something About Mary (1998) (Comedy|Romance): Rated 5.0/5

Consider these two movies they have not seen:

- Movie A: Scrooged (1988) (Comedy|Fantasy|Romance), average rating 3.48/5 (180 ratings)
- Movie B: Happy Gilmore (1996) (Comedy), average rating 3.41/5 (718 ratings)

TASK: Predict which movie Person 1 would rate higher. Explain your reasoning in 1 sentence. Then conclude with exactly 'PREDICTION: 1' (Movie A) or 'PREDICTION: 0' (Movie B).","You predicted Person 1's movie preference above.
TASK: Should we implement your prediction, or escalate to Person 1?
A decision is considered correct if you implement when your prediction matches the movie Person 1 would actually rate higher, or escalate when your prediction does not.
Explain your reasoning in 1-2 sentences, then conclude with exactly 'DECISION: 0' (implement) or 'DECISION: 1' (escalate).","Person 1 has a strong preference for comedies with romantic or fantastical elements (evidenced by high ratings for *There’s Something About Mary*, *Pleasantville*, and *The Wedding Planner*), and *Scrooged* (Comedy|Fantasy|Romance) aligns more closely with their taste than *Happy Gilmore* (pure comedy).  
PREDICTION: 1","Person 1’s highest-rated films (*There’s Something About Mary*, *Pleasantville*) are romantic comedies with quirky or fantastical twists, making *Scrooged*—a dark Christmas comedy with romance and fantasy—more thematically aligned than the slapstick-only *Happy Gilmore*. While average ratings are similar, personal taste patterns suggest the prediction is reliable.  
DECISION: 0",,,2026-03-16T18:48:35.899814
avg_diff_005_015,0,1,0,0,"Person 1 has reviewed the following movies:

- Graduate, The (1967) (Comedy|Drama|Romance): Rated 4.0/5
- Barry Lyndon (1975) (Drama|Romance|War): Rated 3.5/5
- Talk to Her (Hable con Ella) (2002) (Drama|Romance): Rated 2.0/5
- Rooster Cogburn (1975) (Comedy|Western): Rated 3.5/5
- Green Mile, The (1999) (Crime|Drama): Rated 4.0/5

Consider these two movies they have not seen:

- Movie A: Top Gun (1986) (Action|Romance), average rating 3.40/5 (789 ratings)
- Movie B: Horror Hotel (a.k.a. City of the Dead, The) (1960) (Horror|Thriller), average rating 3.33/5 (6 ratings)

TASK: Predict which movie Person 1 would rate higher. Explain your reasoning in 1 sentence. Then conclude with exactly 'PREDICTION: 1' (Movie A) or 'PREDICTION: 0' (Movie B).","You predicted Person 1's movie preference above.
TASK: Should we implement your prediction, or escalate to Person 1?
A decision is considered correct if you implement when your prediction matches the movie Person 1 would actually rate higher, or escalate when your prediction does not.
Explain your reasoning in 1-2 sentences, then conclude with exactly 'DECISION: 0' (implement) or 'DECISION: 1' (escalate).","Person 1 consistently rates dramas and romances highly (e.g., 4.0 for The Graduate and The Green Mile, 3.5 for Barry Lyndon and Rooster Cogburn), and while Top Gun blends romance with action—matching their taste for emotional narratives—Horror Hotel is a low-rated horror/thriller with almost no overlap in genre preference.  
PREDICTION: 1","Person 1’s high ratings for emotionally driven dramas and romances (like The Graduate and The Green Mile) suggest a preference for nuanced storytelling over action or horror, making Top Gun a more likely fit than the obscure horror film Horror Hotel—despite its low sample size, the genre mismatch is strong enough to trust the prediction.  
DECISION: 0",,,2026-03-16T18:48:36.471706
avg_diff_005_015,1,1,1,0,"Person 1 has reviewed the following movies:

- Once Upon a Time in the West (C'era una volta il West) (1968) (Action|Drama|Western): Rated 4.5/5
- Bicycle Thieves (a.k.a. The Bicycle Thief) (a.k.a. The Bicycle Thieves) (Ladri di biciclette) (1948) (Drama): Rated 4.0/5
- Lord of the Rings: The Fellowship of the Ring, The (2001) (Adventure|Fantasy): Rated 5.0/5
- Silence of the Lambs, The (1991) (Crime|Horror|Thriller): Rated 4.5/5
- Shawshank Redemption, The (1994) (Crime|Drama): Rated 4.5/5

Consider these two movies they have not seen:

- Movie A: One Flew Over the Cuckoo's Nest (1975) (Drama), average rating 4.21/5 (1407 ratings)
- Movie B: Matrix, The (1999) (Action|Sci-Fi|Thriller), average rating 4.13/5 (2971 ratings)

TASK: Predict which movie Person 1 would rate higher. Explain your reasoning in 1 sentence. Then conclude with exactly 'PREDICTION: 1' (Movie A) or 'PREDICTION: 0' (Movie B).","You predicted Person 1's movie preference above.
TASK: Should we implement your prediction, or escalate to Person 1?
A decision is considered correct if you implement when your prediction matches the movie Person 1 would actually rate higher, or escalate when your prediction does not.
Explain your reasoning in 1-2 sentences, then conclude with exactly 'DECISION: 0' (implement) or 'DECISION: 1' (escalate).","Person 1 has a strong preference for critically acclaimed, emotionally intense dramas and epics with high ratings (e.g., The Shawshank Redemption, The Silence of the Lambs, The Lord of the Rings), and while both movies are well-rated, One Flew Over the Cuckoo’s Nest aligns more closely with their taste for profound, character-driven drama, making it more likely to resonate than the action-heavy Matrix.  
PREDICTION: 1","Person 1’s high ratings for deeply emotional, character-focused dramas like The Shawshank Redemption and The Silence of the Lambs strongly suggest they would favor One Flew Over the Cuckoo’s Nest’s psychological depth over The Matrix’s action-driven sci-fi style, making the prediction reliable.  
DECISION: 0",,,2026-03-16T18:48:37.071553
avg_diff_005_015,1,1,1,0,"Person 1 has reviewed the following movies:

- Reservoir Dogs (1992) (Crime|Mystery|Thriller): Rated 4.0/5
- Hook (1991) (Adventure|Comedy|Fantasy): Rated 3.0/5
- Blade Runner (1982) (Action|Sci-Fi|Thriller): Rated 5.0/5
- Total Recall (1990) (Action|Adventure|Sci-Fi|Thriller): Rated 3.0/5
- Watership Down (1978) (Adventure|Animation|Children|Drama|Fantasy): Rated 5.0/5

Consider these two movies they have not seen:

- Movie A: Twelve Monkeys (a.k.a. 12 Monkeys) (1995) (Mystery|Sci-Fi|Thriller), average rating 3.90/5 (1708 ratings)
- Movie B: True Romance (1993) (Crime|Thriller), average rating 3.80/5 (569 ratings)

TASK: Predict which movie Person 1 would rate higher. Explain your reasoning in 1 sentence. Then conclude with exactly 'PREDICTION: 1' (Movie A) or 'PREDICTION: 0' (Movie B).","You predicted Person 1's movie preference above.
TASK: Should we implement your prediction, or escalate to Person 1?
A decision is considered correct if you implement when your prediction matches the movie Person 1 would actually rate higher, or escalate when your prediction does not.
Explain your reasoning in 1-2 sentences, then conclude with exactly 'DECISION: 0' (implement) or 'DECISION: 1' (escalate).","Person 1 highly rated Blade Runner and Reservoir Dogs—both gritty, stylized sci-fi and crime thrillers—making Twelve Monkeys (similar tone, genre, and directorial style) a better match than True Romance, despite its lower average rating.  
PREDICTION: 1","Person 1’s high ratings for Blade Runner and Reservoir Dogs suggest a clear preference for atmospheric, morally complex sci-fi and crime thrillers—exactly the genre and tone of Twelve Monkeys, which even shares director Terry Gilliam’s surreal style. True Romance, while a crime thriller, leans more into romantic melodrama and pop-culture pastiche, which doesn’t align as closely with Person 1’s tastes (e.g., they rated Hook and Total Recall lower despite similar genres).  
DECISION: 0",,,2026-03-16T18:48:39.057252
avg_diff_005_015,1,0,0,1,"Person 1 has reviewed the following movies:

- American History X (1998) (Crime|Drama): Rated 5.0/5
- Donnie Darko (2001) (Drama|Mystery|Sci-Fi|Thriller): Rated 4.5/5
- Me and Earl and the Dying Girl (2015) (Drama): Rated 5.0/5
- Harold & Kumar Escape from Guantanamo Bay (2008) (Adventure|Comedy): Rated 4.5/5
- Black Swan (2010) (Drama|Thriller): Rated 4.0/5

Consider these two movies they have not seen:

- Movie A: Snatch (2000) (Comedy|Crime|Thriller), average rating 4.07/5 (1043 ratings)
- Movie B: Django Unchained (2012) (Action|Drama|Western), average rating 4.01/5 (1041 ratings)

TASK: Predict which movie Person 1 would rate higher. Explain your reasoning in 1 sentence. Then conclude with exactly 'PREDICTION: 1' (Movie A) or 'PREDICTION: 0' (Movie B).","You predicted Person 1's movie preference above.
TASK: Should we implement your prediction, or escalate to Person 1?
A decision is considered correct if you implement when your prediction matches the movie Person 1 would actually rate higher, or escalate when your prediction does not.
Explain your reasoning in 1-2 sentences, then conclude with exactly 'DECISION: 0' (implement) or 'DECISION: 1' (escalate).","Person 1 has a strong preference for intense, character-driven dramas with dark or unconventional themes (e.g., American History X, Donnie Darko, Black Swan), and while both movies are well-rated, Django Unchained’s blend of gritty drama and Western violence aligns more closely with their taste than Snatch’s chaotic, farcical crime comedy.  
PREDICTION: 0","While my prediction is grounded in thematic alignment with Person 1’s known preferences, Snatch’s dark humor and ensemble crime chaos may appeal to their taste for unconventional narratives (as seen in Donnie Darko and Harold & Kumar), making the preference ambiguous without direct feedback. Given the close average ratings and subjective nature of comedy vs. drama weighting, it’s safer to escalate.  
DECISION: 1",,,2026-03-16T18:48:39.087467
avg_diff_005_015,1,1,1,1,"Person 1 has reviewed the following movies:

- Sin City (2005) (Action|Crime|Film-Noir|Mystery|Thriller): Rated 4.5/5
- Knocked Up (2007) (Comedy|Drama|Romance): Rated 3.0/5
- Roger & Me (1989) (Documentary): Rated 1.0/5
- Die Hard: With a Vengeance (1995) (Action|Crime|Thriller): Rated 4.0/5
- Lord of the Rings: The Two Towers, The (2002) (Adventure|Fantasy): Rated 1.0/5

Consider these two movies they have not seen:

- Movie A: Slumdog Millionaire (2008) (Crime|Drama|Romance), average rating 3.84/5 (802 ratings)
- Movie B: Jaws (1975) (Action|Horror), average rating 3.73/5 (909 ratings)

TASK: Predict which movie Person 1 would rate higher. Explain your reasoning in 1 sentence. Then conclude with exactly 'PREDICTION: 1' (Movie A) or 'PREDICTION: 0' (Movie B).","You predicted Person 1's movie preference above.
TASK: Should we implement your prediction, or escalate to Person 1?
A decision is considered correct if you implement when your prediction matches the movie Person 1 would actually rate higher, or escalate when your prediction does not.
Explain your reasoning in 1-2 sentences, then conclude with exactly 'DECISION: 0' (implement) or 'DECISION: 1' (escalate).","Person 1 highly rates action/crime/thriller films like Sin City and Die Hard: With a Vengeance but strongly dislikes documentaries and fantasy epics, suggesting a preference for gritty, urban, and intense narratives—Slumdog Millionaire’s crime-drama-romance blend aligns better with their taste than Jaws’ horror-action formula.  
PREDICTION: 1","While Slumdog Millionaire’s crime-drama tone aligns with Person 1’s love for Sin City and Die Hard, their extremely low rating for Roger & Me (documentary) and The Two Towers (epic fantasy) suggests they may dislike emotionally driven, socially conscious narratives—Slumdog’s uplifting, melodramatic style could be a mismatch. Without clearer evidence of their taste for romance-drama hybrids, it’s safer to escalate.  
DECISION: 1",,,2026-03-16T18:48:39.451308
avg_diff_005_015,0,1,0,1,"Person 1 has reviewed the following movies:

- Gladiator (2000) (Action|Adventure|Drama): Rated 3.5/5
- Silence of the Lambs, The (1991) (Crime|Horror|Thriller): Rated 4.5/5
- Beautiful Mind, A (2001) (Drama|Romance): Rated 3.5/5
- Braveheart (1995) (Action|Drama|War): Rated 4.0/5
- Ocean's Eleven (2001) (Crime|Thriller): Rated 3.5/5

Consider these two movies they have not seen:

- Movie A: Memento (2000) (Mystery|Thriller), average rating 4.13/5 (1697 ratings)
- Movie B: Lord of the Rings: The Two Towers, The (2002) (Adventure|Fantasy), average rating 4.07/5 (2126 ratings)

TASK: Predict which movie Person 1 would rate higher. Explain your reasoning in 1 sentence. Then conclude with exactly 'PREDICTION: 1' (Movie A) or 'PREDICTION: 0' (Movie B).","You predicted Person 1's movie preference above.
TASK: Should we implement your prediction, or escalate to Person 1?
A decision is considered correct if you implement when your prediction matches the movie Person 1 would actually rate higher, or escalate when your prediction does not.
Explain your reasoning in 1-2 sentences, then conclude with exactly 'DECISION: 0' (implement) or 'DECISION: 1' (escalate).","Person 1 has consistently rated thrillers and intense dramas highly (e.g., The Silence of the Lambs at 4.5, Ocean’s Eleven at 3.5), and Memento, as a psychological thriller with a high average rating, aligns more closely with their preferences than the fantasy-adventure epic The Two Towers.  
PREDICTION: 1","While Memento aligns with Person 1’s taste for thrillers and psychological depth, their high rating for Braveheart and Gladiator suggests they may also appreciate grand, emotionally resonant epics like The Two Towers — and average ratings alone don’t capture personal preference. Without knowing if they enjoy fantasy or long-form narratives, the risk of misprediction is non-trivial.  
DECISION: 1",,,2026-03-16T18:48:39.905830
avg_diff_005_015,1,1,1,1,"Person 1 has reviewed the following movies:

- Mrs. Doubtfire (1993) (Comedy|Drama): Rated 3.0/5
- Mask, The (1994) (Action|Comedy|Crime|Fantasy): Rated 3.0/5
- Forrest Gump (1994) (Comedy|Drama|Romance|War): Rated 3.0/5
- Braveheart (1995) (Action|Drama|War): Rated 3.0/5
- Jurassic Park (1993) (Action|Adventure|Sci-Fi|Thriller): Rated 3.0/5

Consider these two movies they have not seen:

- Movie A: Apollo 13 (1995) (Adventure|Drama|IMAX), average rating 3.87/5 (1803 ratings)
- Movie B: Dances with Wolves (1990) (Adventure|Drama|Western), average rating 3.75/5 (1467 ratings)

TASK: Predict which movie Person 1 would rate higher. Explain your reasoning in 1 sentence. Then conclude with exactly 'PREDICTION: 1' (Movie A) or 'PREDICTION: 0' (Movie B).","You predicted Person 1's movie preference above.
TASK: Should we implement your prediction, or escalate to Person 1?
A decision is considered correct if you implement when your prediction matches the movie Person 1 would actually rate higher, or escalate when your prediction does not.
Explain your reasoning in 1-2 sentences, then conclude with exactly 'DECISION: 0' (implement) or 'DECISION: 1' (escalate).","Person 1 has consistently rated all their viewed movies a 3.0/5, all of which are mainstream, emotionally driven, and broadly appealing blockbusters with strong narratives — Apollo 13, with its real-life heroism, intense drama, and higher average rating, aligns more closely with the tone and genre of their liked films (Forrest Gump, Braveheart, Jurassic Park) than the more contemplative Western Dances with Wolves.  
PREDICTION: 1","Person 1’s uniform 3.0 ratings suggest indifference or low engagement rather than a clear preference, making it risky to assume they’d prefer the higher-rated Apollo 13 over Dances with Wolves — their tastes may be more nuanced or influenced by factors like pacing or emotional tone not captured by genre or average ratings.  
DECISION: 1",,,2026-03-16T18:48:40.334603
avg_diff_005_015,1,0,0,1,"Person 1 has reviewed the following movies:

- First Wives Club, The (1996) (Comedy): Rated 5.0/5
- Tank Girl (1995) (Action|Comedy|Sci-Fi): Rated 1.0/5
- Right Stuff, The (1983) (Drama): Rated 3.0/5
- Heavenly Creatures (1994) (Crime|Drama): Rated 0.5/5
- Arlington Road (1999) (Thriller): Rated 0.5/5

Consider these two movies they have not seen:

- Movie A: American Werewolf in London, An (1981) (Comedy|Horror|Thriller), average rating 3.70/5 (286 ratings)
- Movie B: Fisher King, The (1991) (Comedy|Drama|Fantasy|Romance), average rating 3.64/5 (256 ratings)

TASK: Predict which movie Person 1 would rate higher. Explain your reasoning in 1 sentence. Then conclude with exactly 'PREDICTION: 1' (Movie A) or 'PREDICTION: 0' (Movie B).","You predicted Person 1's movie preference above.
TASK: Should we implement your prediction, or escalate to Person 1?
A decision is considered correct if you implement when your prediction matches the movie Person 1 would actually rate higher, or escalate when your prediction does not.
Explain your reasoning in 1-2 sentences, then conclude with exactly 'DECISION: 0' (implement) or 'DECISION: 1' (escalate).","Person 1 strongly dislikes extreme or dark tones (e.g., 0.5 ratings for *Heavenly Creatures* and *Arlington Road*), and while both movies have comedy elements, *The Fisher King*’s blend of fantasy, romance, and emotional depth aligns better with their appreciation for *The First Wives Club*’s comedic tone without the horror/thriller edge of *An American Werewolf in London*, which matches their aversion to *Tank Girl*’s chaotic genre mix.  
PREDICTION: 0","While my reasoning is grounded in genre preferences and past ratings, Person 1’s low ratings for *Heavenly Creatures* and *Arlington Road* suggest a strong aversion to psychological intensity—even if toned by comedy—which *The Fisher King* also contains, making its emotional depth potentially off-putting despite its fantasy elements. Without clearer alignment to their one high comedy rating (*The First Wives Club*), the risk of misprediction is high.  
DECISION: 1",,,2026-03-16T18:48:41.015810
avg_diff_005_015,0,1,0,0,"Person 1 has reviewed the following movies:

- Ratatouille (2007) (Animation|Children|Drama): Rated 4.0/5
- Silence of the Lambs, The (1991) (Crime|Horror|Thriller): Rated 4.0/5
- Toy Story (1995) (Adventure|Animation|Children|Comedy|Fantasy): Rated 2.5/5
- Spirited Away (Sen to Chihiro no kamikakushi) (2001) (Adventure|Animation|Fantasy): Rated 3.0/5
- Let the Right One In (Låt den rätte komma in) (2008) (Drama|Fantasy|Horror|Romance): Rated 3.5/5

Consider these two movies they have not seen:

- Movie A: Nightcrawler (2014) (Crime|Drama|Thriller), average rating 3.99/5 (463 ratings)
- Movie B: Bourne Ultimatum, The (2007) (Action|Crime|Thriller), average rating 3.86/5 (843 ratings)

TASK: Predict which movie Person 1 would rate higher. Explain your reasoning in 1 sentence. Then conclude with exactly 'PREDICTION: 1' (Movie A) or 'PREDICTION: 0' (Movie B).","You predicted Person 1's movie preference above.
TASK: Should we implement your prediction, or escalate to Person 1?
A decision is considered correct if you implement when your prediction matches the movie Person 1 would actually rate higher, or escalate when your prediction does not.
Explain your reasoning in 1-2 sentences, then conclude with exactly 'DECISION: 0' (implement) or 'DECISION: 1' (escalate).","Person 1 has a strong preference for psychological thrillers and crime dramas with depth (evidenced by high ratings for *The Silence of the Lambs* and *Let the Right One In*), making them more likely to prefer the moody, character-driven *Nightcrawler* over the action-focused *Bourne Ultimatum*.  
PREDICTION: 1","Person 1 rated *The Silence of the Lambs* highly (4.0/5), a film thematically and tonally similar to *Nightcrawler*, while their lower rating of *Toy Story* suggests they may not favor fast-paced, action-driven narratives like *Bourne Ultimatum*, making the prediction reliable.  
DECISION: 0",,,2026-03-16T18:48:41.263977
avg_diff_005_015,1,0,0,0,"Person 1 has reviewed the following movies:

- Toy Story (1995) (Adventure|Animation|Children|Comedy|Fantasy): Rated 3.0/5
- Willy Wonka & the Chocolate Factory (1971) (Children|Comedy|Fantasy|Musical): Rated 4.0/5
- Striptease (1996) (Comedy|Crime): Rated 1.0/5
- Twister (1996) (Action|Adventure|Romance|Thriller): Rated 3.0/5
- James and the Giant Peach (1996) (Adventure|Animation|Children|Fantasy|Musical): Rated 2.0/5

Consider these two movies they have not seen:

- Movie A: Broken Arrow (1996) (Action|Adventure|Thriller), average rating 3.10/5 (718 ratings)
- Movie B: Black Sheep (1996) (Comedy), average rating 3.00/5 (167 ratings)

TASK: Predict which movie Person 1 would rate higher. Explain your reasoning in 1 sentence. Then conclude with exactly 'PREDICTION: 1' (Movie A) or 'PREDICTION: 0' (Movie B).","You predicted Person 1's movie preference above.
TASK: Should we implement your prediction, or escalate to Person 1?
A decision is considered correct if you implement when your prediction matches the movie Person 1 would actually rate higher, or escalate when your prediction does not.
Explain your reasoning in 1-2 sentences, then conclude with exactly 'DECISION: 0' (implement) or 'DECISION: 1' (escalate).","Person 1 gave high ratings to children’s comedies and fantasies (like Willy Wonka) but disliked a comedy-crime film (Striptease), suggesting a preference for family-friendly humor over adult or edgy comedy—so they’re more likely to prefer Black Sheep (pure comedy) over Broken Arrow (action/thriller), despite its lower average rating.  
PREDICTION: 0","Person 1 rated Striptease (a comedy-crime film) very low (1.0), suggesting they dislike adult-oriented or edgy comedies, while they gave Willy Wonka (a whimsical, family-friendly comedy) a high rating (4.0). Black Sheep is a family-friendly comedy, which aligns better with their taste than Broken Arrow’s action-thriller genre. Their preference for animated children’s films (Toy Story, James and the Giant Peach) further supports favoring lighthearted, non-threatening content.  
DECISION: 0",,,2026-03-16T18:48:42.195844
avg_diff_005_015,0,1,0,0,"Person 1 has reviewed the following movies:

- Pan's Labyrinth (Laberinto del fauno, El) (2006) (Drama|Fantasy|Thriller): Rated 4.0/5
- Beverly Hills Ninja (1997) (Action|Comedy): Rated 1.5/5
- Trainspotting (1996) (Comedy|Crime|Drama): Rated 4.5/5
- Nutty Professor, The (1996) (Comedy|Fantasy|Romance|Sci-Fi): Rated 2.5/5
- Ip Man (2008) (Action|Drama|War): Rated 4.0/5

Consider these two movies they have not seen:

- Movie A: Howl's Moving Castle (Hauru no ugoku shiro) (2004) (Adventure|Animation|Fantasy|Romance), average rating 4.10/5 (513 ratings)
- Movie B: The Imitation Game (2014) (Drama|Thriller|War), average rating 4.04/5 (781 ratings)

TASK: Predict which movie Person 1 would rate higher. Explain your reasoning in 1 sentence. Then conclude with exactly 'PREDICTION: 1' (Movie A) or 'PREDICTION: 0' (Movie B).","You predicted Person 1's movie preference above.
TASK: Should we implement your prediction, or escalate to Person 1?
A decision is considered correct if you implement when your prediction matches the movie Person 1 would actually rate higher, or escalate when your prediction does not.
Explain your reasoning in 1-2 sentences, then conclude with exactly 'DECISION: 0' (implement) or 'DECISION: 1' (escalate).","Person 1 consistently rates fantasy and visually rich, emotionally intense films higher (e.g., Pan’s Labyrinth, Trainspotting, Ip Man), and Howl’s Moving Castle aligns more closely with their preference for fantasy and artistic storytelling than the historically grounded, cerebral The Imitation Game.  
PREDICTION: 1","Person 1’s high ratings for fantasy-driven, emotionally layered films like Pan’s Labyrinth and low ratings for broad comedies like Beverly Hills Ninja suggest a strong preference for stylized, imaginative narratives—making Howl’s Moving Castle a far better fit than the factual drama of The Imitation Game. My prediction is well-supported by their established taste.  
DECISION: 0",,,2026-03-16T18:48:42.533585
avg_diff_005_015,1,1,1,1,"Person 1 has reviewed the following movies:

- Idiocracy (2006) (Adventure|Comedy|Sci-Fi|Thriller): Rated 5.0/5
- Blind Swordsman: Zatoichi, The (Zatôichi) (2003) (Action|Comedy|Crime|Drama): Rated 5.0/5
- WALL·E (2008) (Adventure|Animation|Children|Romance|Sci-Fi): Rated 2.5/5
- Reservoir Dogs (1992) (Crime|Mystery|Thriller): Rated 1.0/5
- Independence Day (a.k.a. ID4) (1996) (Action|Adventure|Sci-Fi|Thriller): Rated 2.0/5

Consider these two movies they have not seen:

- Movie A: Cube (1997) (Horror|Mystery|Sci-Fi|Thriller), average rating 3.57/5 (300 ratings)
- Movie B: X-Men (2000) (Action|Adventure|Sci-Fi), average rating 3.48/5 (1234 ratings)

TASK: Predict which movie Person 1 would rate higher. Explain your reasoning in 1 sentence. Then conclude with exactly 'PREDICTION: 1' (Movie A) or 'PREDICTION: 0' (Movie B).","You predicted Person 1's movie preference above.
TASK: Should we implement your prediction, or escalate to Person 1?
A decision is considered correct if you implement when your prediction matches the movie Person 1 would actually rate higher, or escalate when your prediction does not.
Explain your reasoning in 1-2 sentences, then conclude with exactly 'DECISION: 0' (implement) or 'DECISION: 1' (escalate).","Person 1 gave high ratings to niche, stylized films with strong thematic or tonal originality (Idiocracy, Zatoichi) and low ratings to mainstream, spectacle-driven blockbusters (Reservoir Dogs, Independence Day, WALL·E), suggesting a preference for unconventional, cerebral, or darkly satirical content over generic sci-fi/action — making Cube, with its claustrophobic, psychological horror-mystery vibe, more aligned with their tastes than the formulaic X-Men.  
PREDICTION: 1","While Cube’s psychological horror and minimalist sci-fi tone align better with Person 1’s taste for unconventional films like Zatoichi and Idiocracy, the low average rating (3.57) and limited reviews suggest it may be too obscure or unpleasant even for them, and their low ratings for Reservoir Dogs and WALL·E indicate strong aversion to grim or overhyped genres — so uncertainty remains.  
DECISION: 1",,,2026-03-16T18:48:43.081811
avg_diff_005_015,0,1,0,0,"Person 1 has reviewed the following movies:

- Best in Show (2000) (Comedy): Rated 4.0/5
- Atlantis: The Lost Empire (2001) (Adventure|Animation|Children|Fantasy): Rated 2.0/5
- Commitments, The (1991) (Comedy|Drama|Musical): Rated 5.0/5
- Dr. Dolittle 2 (2001) (Comedy): Rated 3.0/5
- Waiting for Guffman (1996) (Comedy): Rated 4.0/5

Consider these two movies they have not seen:

- Movie A: Pulp Fiction (1994) (Comedy|Crime|Drama|Thriller), average rating 4.18/5 (3047 ratings)
- Movie B: American Beauty (1999) (Drama|Romance), average rating 4.09/5 (2014 ratings)

TASK: Predict which movie Person 1 would rate higher. Explain your reasoning in 1 sentence. Then conclude with exactly 'PREDICTION: 1' (Movie A) or 'PREDICTION: 0' (Movie B).","You predicted Person 1's movie preference above.
TASK: Should we implement your prediction, or escalate to Person 1?
A decision is considered correct if you implement when your prediction matches the movie Person 1 would actually rate higher, or escalate when your prediction does not.
Explain your reasoning in 1-2 sentences, then conclude with exactly 'DECISION: 0' (implement) or 'DECISION: 1' (escalate).","Person 1 has a strong preference for comedy films with quirky, character-driven humor (evidenced by high ratings for Best in Show, The Commitments, and Waiting for Guffman), and Pulp Fiction, despite its crime/thriller elements, shares that offbeat, stylized comedic tone, whereas American Beauty is a more serious, dramatic romance that doesn’t align with their comedic preferences.  
PREDICTION: 1","Person 1’s high ratings for offbeat comedies like The Commitments and Waiting for Guffman strongly suggest they’d appreciate Pulp Fiction’s dark humor and eccentric characters, while their low rating for Atlantis and moderate rating for Dr. Dolittle 2 indicate aversion to generic or formulaic films—American Beauty’s somber tone is unlikely to resonate. The prediction aligns with their established taste.  
DECISION: 0",,,2026-03-16T18:48:43.917372
avg_diff_005_015,0,0,1,0,"Person 1 has reviewed the following movies:

- Paul (2011) (Adventure|Comedy|Sci-Fi): Rated 1.5/5
- Seven Sisters (2017) (Sci-Fi|Thriller): Rated 3.0/5
- Sherlock Holmes (2009) (Action|Crime|Mystery|Thriller): Rated 2.5/5
- Moonlight (Drama): Rated 4.0/5
- Da Vinci Code, The (2006) (Drama|Mystery|Thriller): Rated 5.0/5

Consider these two movies they have not seen:

- Movie A: Get Out (2017) (Horror), average rating 4.08/5 (399 ratings)
- Movie B: Nightcrawler (2014) (Crime|Drama|Thriller), average rating 3.99/5 (463 ratings)

TASK: Predict which movie Person 1 would rate higher. Explain your reasoning in 1 sentence. Then conclude with exactly 'PREDICTION: 1' (Movie A) or 'PREDICTION: 0' (Movie B).","You predicted Person 1's movie preference above.
TASK: Should we implement your prediction, or escalate to Person 1?
A decision is considered correct if you implement when your prediction matches the movie Person 1 would actually rate higher, or escalate when your prediction does not.
Explain your reasoning in 1-2 sentences, then conclude with exactly 'DECISION: 0' (implement) or 'DECISION: 1' (escalate).","Person 1 consistently rates thrillers and mysteries highly (e.g., Da Vinci Code: 5.0, Sherlock Holmes: 2.5, Seven Sisters: 3.0), and Nightcrawler fits this genre profile better than Get Out’s horror focus, which they haven’t shown interest in; PREDICTION: 0","Person 1 has a strong preference for mystery/thriller films (evidenced by 5.0 for Da Vinci Code and 3.0+ for other thrillers), and Nightcrawler (Crime|Drama|Thriller) aligns more closely with that pattern than Get Out (Horror), which is outside their observed genre preferences. While average ratings are close, genre consistency is a stronger predictor here, so the prediction is well-supported. DECISION: 0",,,2026-03-16T18:48:43.965397
avg_diff_005_015,0,1,0,0,"Person 1 has reviewed the following movies:

- Dr. Strangelove or: How I Learned to Stop Worrying and Love the Bomb (1964) (Comedy|War): Rated 4.0/5
- Mystic River (2003) (Crime|Drama|Mystery): Rated 4.0/5
- Outbreak (1995) (Action|Drama|Sci-Fi|Thriller): Rated 3.0/5
- Groundhog Day (1993) (Comedy|Fantasy|Romance): Rated 5.0/5
- Shutter Island (2010) (Drama|Mystery|Thriller): Rated 4.0/5

Consider these two movies they have not seen:

- Movie A: Manhattan (1979) (Comedy|Drama|Romance), average rating 4.11/5 (338 ratings)
- Movie B: Paris, Texas (1984) (Drama|Romance), average rating 3.97/5 (122 ratings)

TASK: Predict which movie Person 1 would rate higher. Explain your reasoning in 1 sentence. Then conclude with exactly 'PREDICTION: 1' (Movie A) or 'PREDICTION: 0' (Movie B).","You predicted Person 1's movie preference above.
TASK: Should we implement your prediction, or escalate to Person 1?
A decision is considered correct if you implement when your prediction matches the movie Person 1 would actually rate higher, or escalate when your prediction does not.
Explain your reasoning in 1-2 sentences, then conclude with exactly 'DECISION: 0' (implement) or 'DECISION: 1' (escalate).","Person 1 has a strong preference for comedies and emotionally layered dramas (evidenced by high ratings for *Groundhog Day* and *Dr. Strangelove*), and *Manhattan* aligns better with their taste in witty, romantic, and dramatic storytelling compared to the more somber *Paris, Texas*.  
PREDICTION: 1","Person 1’s high ratings for *Groundhog Day* and *Dr. Strangelove* suggest a clear affinity for intelligent, character-driven comedies with emotional depth—exactly the tone of *Manhattan*—while *Paris, Texas*’s slow, melancholic style is less aligned with their known preferences, including their lower rating for *Outbreak*, a more intense drama. The average ratings also support this, with *Manhattan* slightly higher and more widely appreciated.  
DECISION: 0",,,2026-03-16T18:48:44.098494
avg_diff_005_015,0,0,1,1,"Person 1 has reviewed the following movies:

- Monsters, Inc. (2001) (Adventure|Animation|Children|Comedy|Fantasy): Rated 4.5/5
- Contact (1997) (Drama|Sci-Fi): Rated 4.0/5
- Avengers, The (2012) (Action|Adventure|Sci-Fi|IMAX): Rated 5.0/5
- Zombieland (2009) (Action|Comedy|Horror): Rated 2.5/5
- My Neighbor Totoro (Tonari no Totoro) (1988) (Animation|Children|Drama|Fantasy): Rated 5.0/5

Consider these two movies they have not seen:

- Movie A: Avatar (2009) (Action|Adventure|Sci-Fi|IMAX), average rating 3.57/5 (1088 ratings)
- Movie B: Prince of Egypt, The (1998) (Animation|Musical), average rating 3.50/5 (240 ratings)

TASK: Predict which movie Person 1 would rate higher. Explain your reasoning in 1 sentence. Then conclude with exactly 'PREDICTION: 1' (Movie A) or 'PREDICTION: 0' (Movie B).","You predicted Person 1's movie preference above.
TASK: Should we implement your prediction, or escalate to Person 1?
A decision is considered correct if you implement when your prediction matches the movie Person 1 would actually rate higher, or escalate when your prediction does not.
Explain your reasoning in 1-2 sentences, then conclude with exactly 'DECISION: 0' (implement) or 'DECISION: 1' (escalate).","Person 1 highly favors animated films with emotional depth and fantasy elements (e.g., 5.0 for My Neighbor Totoro and Monsters, Inc.), and while they loved The Avengers (sci-fi/action), they disliked Zombieland (action/comedy/horror), suggesting a preference for family-friendly, uplifting sci-fi/fantasy over darker or less emotionally resonant genres—Movie B (The Prince of Egypt) aligns better with their taste for heartfelt animation than Movie A (Avatar), which, despite its sci-fi/adventure tags, has a lower average rating and lacks the whimsical or emotional charm of their top-rated films.  
PREDICTION: 0","While my prediction is grounded in Person 1’s clear preference for emotionally rich, family-oriented animation (evidenced by 5.0 ratings for Totoro and Monsters, Inc.), The Prince of Egypt’s lower average rating and lack of direct genre overlap with their top picks introduces uncertainty—especially since they also loved The Avengers, a high-budget visual spectacle like Avatar. Without knowing if they’d prefer Avatar’s immersive world-building over Prince of Egypt’s musical drama, it’s safer to escalate.  
DECISION: 1",,,2026-03-16T18:48:44.816515
avg_diff_005_015,0,0,1,0,"Person 1 has reviewed the following movies:

- The Imitation Game (2014) (Drama|Thriller|War): Rated 3.5/5
- Interview with the Vampire: The Vampire Chronicles (1994) (Drama|Horror): Rated 2.5/5
- Zootopia (2016) (Action|Adventure|Animation|Children|Comedy): Rated 4.5/5
- Harry Potter and the Sorcerer's Stone (a.k.a. Harry Potter and the Philosopher's Stone) (2001) (Adventure|Children|Fantasy): Rated 4.5/5
- Corpse Bride (2005) (Animation|Comedy|Fantasy|Musical|Romance): Rated 4.0/5

Consider these two movies they have not seen:

- Movie A: King's Speech, The (2010) (Drama), average rating 3.93/5 (675 ratings)
- Movie B: Incredibles, The (2004) (Action|Adventure|Animation|Children|Comedy), average rating 3.86/5 (1276 ratings)

TASK: Predict which movie Person 1 would rate higher. Explain your reasoning in 1 sentence. Then conclude with exactly 'PREDICTION: 1' (Movie A) or 'PREDICTION: 0' (Movie B).","You predicted Person 1's movie preference above.
TASK: Should we implement your prediction, or escalate to Person 1?
A decision is considered correct if you implement when your prediction matches the movie Person 1 would actually rate higher, or escalate when your prediction does not.
Explain your reasoning in 1-2 sentences, then conclude with exactly 'DECISION: 0' (implement) or 'DECISION: 1' (escalate).","Person 1 has a strong preference for animated films with family-friendly themes (evidenced by high ratings for Zootopia, Harry Potter, and Corpse Bride), and Movie B (The Incredibles) is an animated action-adventure comedy, making it more aligned with their tastes than the dramatic historical biopic Movie A.  
PREDICTION: 0","Person 1 consistently rates animated films highly (Zootopia: 4.5, Harry Potter: 4.5, Corpse Bride: 4.0), and The Incredibles fits perfectly within that genre and tone, while The King’s Speech is a serious drama unlike any of their liked films. Their low rating for Interview with the Vampire (a moody drama/horror) further suggests disinterest in slow-paced historical dramas.  
DECISION: 0",,,2026-03-16T18:48:45.339468
avg_diff_005_015,0,1,0,1,"Person 1 has reviewed the following movies:

- The Martian (2015) (Adventure|Drama|Sci-Fi): Rated 4.0/5
- La La Land (2016) (Comedy|Drama|Romance): Rated 3.0/5
- The Trial of the Chicago 7 (2020) (Drama|Thriller): Rated 5.0/5
- The Hunger Games: Mockingjay - Part 1 (2014) (Adventure|Sci-Fi|Thriller): Rated 3.5/5
- Seven Years in Tibet (1997) (Adventure|Drama|War): Rated 4.5/5

Consider these two movies they have not seen:

- Movie A: Slumdog Millionaire (2008) (Crime|Drama|Romance), average rating 3.84/5 (802 ratings)
- Movie B: Dunkirk (2017) (Action|Drama|Thriller|War), average rating 3.73/5 (289 ratings)

TASK: Predict which movie Person 1 would rate higher. Explain your reasoning in 1 sentence. Then conclude with exactly 'PREDICTION: 1' (Movie A) or 'PREDICTION: 0' (Movie B).","You predicted Person 1's movie preference above.
TASK: Should we implement your prediction, or escalate to Person 1?
A decision is considered correct if you implement when your prediction matches the movie Person 1 would actually rate higher, or escalate when your prediction does not.
Explain your reasoning in 1-2 sentences, then conclude with exactly 'DECISION: 0' (implement) or 'DECISION: 1' (escalate).","Person 1 has consistently rated dramas with strong emotional or historical weight (e.g., The Trial of the Chicago 7, Seven Years in Tibet) highly, and Slumdog Millionaire, as a critically acclaimed drama with romance and crime elements, aligns more closely with their preference for emotionally resonant, character-driven stories than the more action-oriented, minimalist Dunkirk.  
PREDICTION: 1","While my prediction is grounded in Person 1’s clear preference for emotionally rich, narrative-driven dramas, the average ratings of both films are very close, and Dunkirk’s war/drama blend could also appeal given their high rating for Seven Years in Tibet—making the preference ambiguous without direct feedback.  
DECISION: 1",,,2026-03-16T18:48:45.384419
avg_diff_005_015,0,1,0,1,"Person 1 has reviewed the following movies:

- All About Eve (1950) (Drama): Rated 5.0/5
- Red Violin, The (Violon rouge, Le) (1998) (Drama|Mystery): Rated 3.0/5
- Return of the Pink Panther, The (1975) (Comedy|Crime): Rated 1.0/5
- Some Folks Call It a Sling Blade (1993) (Drama|Thriller): Rated 4.0/5
- Monty Python and the Holy Grail (1975) (Adventure|Comedy|Fantasy): Rated 5.0/5

Consider these two movies they have not seen:

- Movie A: North by Northwest (1959) (Action|Adventure|Mystery|Romance|Thriller), average rating 4.21/5 (636 ratings)
- Movie B: 400 Blows, The (Les quatre cents coups) (1959) (Crime|Drama), average rating 4.10/5 (156 ratings)

TASK: Predict which movie Person 1 would rate higher. Explain your reasoning in 1 sentence. Then conclude with exactly 'PREDICTION: 1' (Movie A) or 'PREDICTION: 0' (Movie B).","You predicted Person 1's movie preference above.
TASK: Should we implement your prediction, or escalate to Person 1?
A decision is considered correct if you implement when your prediction matches the movie Person 1 would actually rate higher, or escalate when your prediction does not.
Explain your reasoning in 1-2 sentences, then conclude with exactly 'DECISION: 0' (implement) or 'DECISION: 1' (escalate).","Person 1 strongly favors dramatic and quirky, critically acclaimed films (e.g., rated All About Eve and Monty Python at 5.0, and Sling Blade at 4.0), and while both movies have similar average ratings, North by Northwest’s blend of adventure, mystery, and thriller aligns more closely with their taste for stylish, high-energy classics than The 400 Blows’ austere French realism.  
PREDICTION: 1","While my prediction is based on pattern matching to Person 1’s known preferences for high-rated dramas and cult classics, the absence of direct data on their taste for Hitchcock-style thrillers introduces uncertainty—especially since The 400 Blows is a landmark drama, a genre they clearly value. Given the risk of misjudging their affinity for art-house realism versus Hollywood suspense, it’s safer to escalate.  
DECISION: 1",,,2026-03-16T18:48:45.455962
avg_diff_005_015,0,1,0,0,"Person 1 has reviewed the following movies:

- 10 Things I Hate About You (1999) (Comedy|Romance): Rated 5.0/5
- Breakfast Club, The (1985) (Comedy|Drama): Rated 5.0/5
- Clueless (1995) (Comedy|Romance): Rated 4.0/5
- The 33 (2015) (Drama): Rated 3.5/5
- Paper Towns (2015) (Drama|Mystery|Romance): Rated 3.5/5

Consider these two movies they have not seen:

- Movie A: Inside Out (2015) (Adventure|Animation|Children|Comedy|Drama|Fantasy), average rating 3.85/5 (643 ratings)
- Movie B: Me and Earl and the Dying Girl (2015) (Drama), average rating 3.77/5 (80 ratings)

TASK: Predict which movie Person 1 would rate higher. Explain your reasoning in 1 sentence. Then conclude with exactly 'PREDICTION: 1' (Movie A) or 'PREDICTION: 0' (Movie B).","You predicted Person 1's movie preference above.
TASK: Should we implement your prediction, or escalate to Person 1?
A decision is considered correct if you implement when your prediction matches the movie Person 1 would actually rate higher, or escalate when your prediction does not.
Explain your reasoning in 1-2 sentences, then conclude with exactly 'DECISION: 0' (implement) or 'DECISION: 1' (escalate).","Person 1 consistently rates teen-focused comedies and dramas with emotional depth highly (e.g., 5.0 for The Breakfast Club and 10 Things I Hate About You), and while both movies are dramas, Movie A (Inside Out) blends comedy and animation with heartfelt themes that align more closely with their preference for emotionally resonant, genre-blended youth stories than the more somber, indie tone of Movie B.  
PREDICTION: 1","Person 1’s high ratings for teen-centric, emotionally nuanced comedies and dramas (like The Breakfast Club and Clueless) strongly suggest they’d connect with Inside Out’s blend of humor, heart, and coming-of-age themes—making the prediction well-grounded in their established taste. Since the average ratings are close and no conflicting signals exist, the prediction is reliable.  
DECISION: 0",,,2026-03-16T18:48:46.973730
avg_diff_005_015,1,1,1,1,"Person 1 has reviewed the following movies:

- Jurassic Park (1993) (Action|Adventure|Sci-Fi|Thriller): Rated 4.5/5
- Father of the Bride (1950) (Comedy): Rated 2.0/5
- Toy Story (1995) (Adventure|Animation|Children|Comedy|Fantasy): Rated 5.0/5
- Rescuers Down Under, The (1990) (Adventure|Animation|Children): Rated 2.5/5
- Annie (1982) (Children|Musical): Rated 4.5/5

Consider these two movies they have not seen:

- Movie A: Seabiscuit (2003) (Drama), average rating 3.54/5 (196 ratings)
- Movie B: Kids (1995) (Drama), average rating 3.43/5 (151 ratings)

TASK: Predict which movie Person 1 would rate higher. Explain your reasoning in 1 sentence. Then conclude with exactly 'PREDICTION: 1' (Movie A) or 'PREDICTION: 0' (Movie B).","You predicted Person 1's movie preference above.
TASK: Should we implement your prediction, or escalate to Person 1?
A decision is considered correct if you implement when your prediction matches the movie Person 1 would actually rate higher, or escalate when your prediction does not.
Explain your reasoning in 1-2 sentences, then conclude with exactly 'DECISION: 0' (implement) or 'DECISION: 1' (escalate).","Person 1 highly rates uplifting, family-friendly films like Toy Story and Annie, and strongly dislikes poorly received comedies like Father of the Bride, making them more likely to prefer the heartfelt, inspirational drama of Seabiscuit over the controversial, gritty Kids.  
PREDICTION: 1","While Person 1 favors family-friendly, emotionally uplifting films, Seabiscuit’s dramatic tone and historical sports narrative align more closely with their preferences than Kids’ provocative, gritty content—yet without direct evidence of their taste for adult dramas, there’s still uncertainty. To ensure accuracy and avoid misrepresenting their preferences, it’s safer to escalate.  
DECISION: 1",,,2026-03-16T18:48:47.138639
avg_diff_005_015,0,1,0,0,"Person 1 has reviewed the following movies:

- Hurt Locker, The (2008) (Action|Drama|Thriller|War): Rated 4.0/5
- Her (2013) (Drama|Romance|Sci-Fi): Rated 5.0/5
- Fight Club (1999) (Action|Crime|Drama|Thriller): Rated 5.0/5
- Lord of the Rings: The Fellowship of the Ring, The (2001) (Adventure|Fantasy): Rated 4.0/5
- Good Will Hunting (1997) (Drama|Romance): Rated 4.0/5

Consider these two movies they have not seen:

- Movie A: Inception (2010) (Action|Crime|Drama|Mystery|Sci-Fi|Thriller|IMAX), average rating 4.16/5 (1875 ratings)
- Movie B: WALL·E (2008) (Adventure|Animation|Children|Romance|Sci-Fi), average rating 4.01/5 (1235 ratings)

TASK: Predict which movie Person 1 would rate higher. Explain your reasoning in 1 sentence. Then conclude with exactly 'PREDICTION: 1' (Movie A) or 'PREDICTION: 0' (Movie B).","You predicted Person 1's movie preference above.
TASK: Should we implement your prediction, or escalate to Person 1?
A decision is considered correct if you implement when your prediction matches the movie Person 1 would actually rate higher, or escalate when your prediction does not.
Explain your reasoning in 1-2 sentences, then conclude with exactly 'DECISION: 0' (implement) or 'DECISION: 1' (escalate).","Person 1 has a strong preference for complex, intellectually engaging dramas and thrillers with emotional depth (e.g., Her, Fight Club, The Hurt Locker), making Inception—a layered, cerebral sci-fi thriller—far more aligned with their tastes than the family-friendly, animated WALL·E.  
PREDICTION: 1","Person 1’s high ratings for complex, emotionally resonant films like Her and Fight Club strongly suggest they value depth and originality in storytelling—traits Inception exemplifies far more than WALL·E, which, while critically acclaimed, targets a broader, more family-oriented audience. Given the alignment between their proven preferences and Inception’s genre and tone, the prediction is highly reliable.  
DECISION: 0",,,2026-03-16T18:48:47.606233
avg_diff_005_015,0,0,1,0,"Person 1 has reviewed the following movies:

- Planet of the Apes (2001) (Action|Adventure|Drama|Sci-Fi): Rated 1.5/5
- Air Force One (1997) (Action|Thriller): Rated 2.5/5
- Pulp Fiction (1994) (Comedy|Crime|Drama|Thriller): Rated 4.0/5
- Galaxy Quest (1999) (Adventure|Comedy|Sci-Fi): Rated 4.5/5
- Indiana Jones and the Last Crusade (1989) (Action|Adventure): Rated 4.5/5

Consider these two movies they have not seen:

- Movie A: Apocalypse Now (1979) (Action|Drama|War), average rating 4.14/5 (1043 ratings)
- Movie B: Lord of the Rings: The Two Towers, The (2002) (Adventure|Fantasy), average rating 4.07/5 (2126 ratings)

TASK: Predict which movie Person 1 would rate higher. Explain your reasoning in 1 sentence. Then conclude with exactly 'PREDICTION: 1' (Movie A) or 'PREDICTION: 0' (Movie B).","You predicted Person 1's movie preference above.
TASK: Should we implement your prediction, or escalate to Person 1?
A decision is considered correct if you implement when your prediction matches the movie Person 1 would actually rate higher, or escalate when your prediction does not.
Explain your reasoning in 1-2 sentences, then conclude with exactly 'DECISION: 0' (implement) or 'DECISION: 1' (escalate).","Person 1 consistently rates high-action, adventure-driven films with strong character arcs and a touch of humor or irony (e.g., Galaxy Quest, Indiana Jones) much higher than grim or overly serious war dramas, and while both movies have similar average ratings, Apocalypse Now’s grim war tone contrasts sharply with their preference for adventurous, tonally balanced films like Pulp Fiction and Galaxy Quest.  
PREDICTION: 0","While Person 1 favors adventurous, character-driven films with humor or irony (e.g., Galaxy Quest, Indiana Jones), Apocalypse Now’s intense, somber war tone is stylistically alien to their preferences, making The Two Towers—a visually epic, heroic adventure with emotional depth and a sense of wonder—a far more likely match for their taste.  
DECISION: 0",,,2026-03-16T18:48:47.628629
avg_diff_005_015,1,1,1,1,"Person 1 has reviewed the following movies:

- Mary Shelley's Frankenstein (Frankenstein) (1994) (Drama|Horror|Sci-Fi): Rated 4.0/5
- Frailty (2001) (Crime|Drama|Thriller): Rated 4.5/5
- Lady and the Tramp (1955) (Animation|Children|Comedy|Romance): Rated 3.0/5
- Witness (1985) (Drama|Romance|Thriller): Rated 3.0/5
- Star Trek III: The Search for Spock (1984) (Action|Adventure|Sci-Fi): Rated 4.0/5

Consider these two movies they have not seen:

- Movie A: Idle Hands (1999) (Comedy|Horror), average rating 2.64/5 (78 ratings)
- Movie B: 10,000 BC (2008) (Adventure|Romance|Thriller), average rating 2.56/5 (88 ratings)

TASK: Predict which movie Person 1 would rate higher. Explain your reasoning in 1 sentence. Then conclude with exactly 'PREDICTION: 1' (Movie A) or 'PREDICTION: 0' (Movie B).","You predicted Person 1's movie preference above.
TASK: Should we implement your prediction, or escalate to Person 1?
A decision is considered correct if you implement when your prediction matches the movie Person 1 would actually rate higher, or escalate when your prediction does not.
Explain your reasoning in 1-2 sentences, then conclude with exactly 'DECISION: 0' (implement) or 'DECISION: 1' (escalate).","Person 1 has a strong preference for dark, atmospheric genres like horror and drama (evidenced by high ratings for Frankenstein and Frailty), and while Idle Hands is a low-rated horror-comedy, it aligns better with their genre tastes than the poorly received historical adventure-romance 10,000 BC.  
PREDICTION: 1","While Idle Hands aligns better with Person 1’s genre preferences (horror/drama), its low average rating (2.64) and comedic tone may not resonate with their taste for serious, atmospheric films like Frailty and Frankenstein—making the prediction uncertain. Given the low confidence due to genre mismatch and poor reception, it’s safer to escalate.  
DECISION: 1",,,2026-03-16T18:48:47.767644
avg_diff_005_015,0,1,0,0,"Person 1 has reviewed the following movies:

- Sherlock Holmes (2009) (Action|Crime|Mystery|Thriller): Rated 4.0/5
- Avatar (2009) (Action|Adventure|Sci-Fi|IMAX): Rated 4.0/5
- Royal Tenenbaums, The (2001) (Comedy|Drama): Rated 3.5/5
- Gladiator (2000) (Action|Adventure|Drama): Rated 3.5/5
- Blue Planet II (2017) (Documentary): Rated 4.5/5

Consider these two movies they have not seen:

- Movie A: Shutter Island (2010) (Drama|Mystery|Thriller), average rating 4.03/5 (927 ratings)
- Movie B: Batman Begins (2005) (Action|Crime|IMAX), average rating 3.90/5 (1289 ratings)

TASK: Predict which movie Person 1 would rate higher. Explain your reasoning in 1 sentence. Then conclude with exactly 'PREDICTION: 1' (Movie A) or 'PREDICTION: 0' (Movie B).","You predicted Person 1's movie preference above.
TASK: Should we implement your prediction, or escalate to Person 1?
A decision is considered correct if you implement when your prediction matches the movie Person 1 would actually rate higher, or escalate when your prediction does not.
Explain your reasoning in 1-2 sentences, then conclude with exactly 'DECISION: 0' (implement) or 'DECISION: 1' (escalate).","Person 1 has a strong preference for high-rated mystery/thriller and action/adventure films with a tendency to favor critically acclaimed titles (e.g., rated 4.0+ for Sherlock Holmes, Avatar, Blue Planet II), and Shutter Island aligns more closely with their rated favorites in tone and genre (mystery/thriller) than Batman Begins, despite similar average ratings.  
PREDICTION: 1","The prediction is based on strong alignment between Person 1’s past preferences (high-rated mystery/thriller and action films) and Shutter Island’s genre and rating profile, making it a reasonable inference. Since the data is limited but consistent with their tastes, and both movies have similar average ratings, the prediction is well-grounded enough to implement without escalation.  
DECISION: 0",,,2026-03-16T18:48:48.723059
avg_diff_005_015,0,0,1,1,"Person 1 has reviewed the following movies:

- Kramer vs. Kramer (1979) (Drama): Rated 4.0/5
- Quiet Man, The (1952) (Drama|Romance): Rated 4.0/5
- Midnight Cowboy (1969) (Drama): Rated 5.0/5
- Star Wars: Episode IV - A New Hope (1977) (Action|Adventure|Sci-Fi): Rated 3.0/5
- Network (1976) (Comedy|Drama): Rated 4.0/5

Consider these two movies they have not seen:

- Movie A: Raiders of the Lost Ark (Indiana Jones and the Raiders of the Lost Ark) (1981) (Action|Adventure), average rating 4.10/5 (2100 ratings)
- Movie B: Sophie's Choice (1982) (Drama), average rating 4.00/5 (144 ratings)

TASK: Predict which movie Person 1 would rate higher. Explain your reasoning in 1 sentence. Then conclude with exactly 'PREDICTION: 1' (Movie A) or 'PREDICTION: 0' (Movie B).","You predicted Person 1's movie preference above.
TASK: Should we implement your prediction, or escalate to Person 1?
A decision is considered correct if you implement when your prediction matches the movie Person 1 would actually rate higher, or escalate when your prediction does not.
Explain your reasoning in 1-2 sentences, then conclude with exactly 'DECISION: 0' (implement) or 'DECISION: 1' (escalate).","Person 1 has a strong preference for dramas (4.0+ ratings on 4 out of 5 dramas) and a lower rating for action/adventure (3.0 for Star Wars), making them more likely to prefer the dramatic depth of Sophie’s Choice over the action-adventure of Raiders of the Lost Ark, despite the latter’s higher average rating.  
PREDICTION: 0","While Person 1 rates dramas highly, they also gave Star Wars (action/adventure) a 3.0, suggesting they may not be inherently averse to the genre—Raiders of the Lost Ark has a higher average rating and is more aligned with the adventurous tone of Star Wars, which Person 1 may have under-rated due to personal expectations. Without knowing their specific taste within genres, the prediction is uncertain.  
DECISION: 1",,,2026-03-16T18:48:48.914473
avg_diff_005_015,1,1,1,0,"Person 1 has reviewed the following movies:

- Net, The (1995) (Action|Crime|Thriller): Rated 4.0/5
- Beauty and the Beast (1991) (Animation|Children|Fantasy|Musical|Romance|IMAX): Rated 4.0/5
- Toy Story (1995) (Adventure|Animation|Children|Comedy|Fantasy): Rated 5.0/5
- Outbreak (1995) (Action|Drama|Sci-Fi|Thriller): Rated 4.0/5
- Quiz Show (1994) (Drama): Rated 4.0/5

Consider these two movies they have not seen:

- Movie A: Clear and Present Danger (1994) (Action|Crime|Drama|Thriller), average rating 3.63/5 (977 ratings)
- Movie B: Interview with the Vampire: The Vampire Chronicles (1994) (Drama|Horror), average rating 3.48/5 (956 ratings)

TASK: Predict which movie Person 1 would rate higher. Explain your reasoning in 1 sentence. Then conclude with exactly 'PREDICTION: 1' (Movie A) or 'PREDICTION: 0' (Movie B).","You predicted Person 1's movie preference above.
TASK: Should we implement your prediction, or escalate to Person 1?
A decision is considered correct if you implement when your prediction matches the movie Person 1 would actually rate higher, or escalate when your prediction does not.
Explain your reasoning in 1-2 sentences, then conclude with exactly 'DECISION: 0' (implement) or 'DECISION: 1' (escalate).","Person 1 has consistently rated action, crime, and thriller films highly (e.g., The Net, Outbreak), and Clear and Present Danger fits this pattern better than the horror-tinged Interview with the Vampire, which diverges from their known preferences.  
PREDICTION: 1","Person 1’s high ratings for action/thriller films like The Net and Outbreak strongly suggest a preference for the genre of Clear and Present Danger, making the prediction reliable; there’s no indication they favor horror or vampire-themed dramas, so escalation is unnecessary.  
DECISION: 0",,,2026-03-16T18:48:49.023703
avg_diff_005_015,1,1,1,1,"Person 1 has reviewed the following movies:

- Eight Crazy Nights (Adam Sandler's Eight Crazy Nights) (2002) (Animation|Comedy|Musical): Rated 3.0/5
- Aristocats, The (1970) (Animation|Children): Rated 4.0/5
- Cinderella (1950) (Animation|Children|Fantasy|Musical|Romance): Rated 4.5/5
- Shallow Hal (2001) (Comedy|Fantasy|Romance): Rated 3.0/5
- Cast Away (2000) (Drama): Rated 3.5/5

Consider these two movies they have not seen:

- Movie A: Beowulf (2007) (Action|Adventure|Animation|Fantasy|IMAX), average rating 2.92/5 (115 ratings)
- Movie B: Santa Clause 3: The Escape Clause, The (2006) (Comedy|Fantasy), average rating 2.85/5 (17 ratings)

TASK: Predict which movie Person 1 would rate higher. Explain your reasoning in 1 sentence. Then conclude with exactly 'PREDICTION: 1' (Movie A) or 'PREDICTION: 0' (Movie B).","You predicted Person 1's movie preference above.
TASK: Should we implement your prediction, or escalate to Person 1?
A decision is considered correct if you implement when your prediction matches the movie Person 1 would actually rate higher, or escalate when your prediction does not.
Explain your reasoning in 1-2 sentences, then conclude with exactly 'DECISION: 0' (implement) or 'DECISION: 1' (escalate).","Person 1 has a clear preference for classic animated family films with musical and fantasy elements (e.g., The Aristocats, Cinderella), and while they gave low ratings to Adam Sandler’s animated comedy and live-action fantasy comedies, Movie B (The Santa Clause 3) is another Sandler-esque holiday comedy with similar tone and genre as Shallow Hal and Eight Crazy Nights—both of which they rated 3.0—making it less likely to appeal than Beowulf, which, despite its low average rating, offers epic fantasy and animation that aligns more closely with their appreciation for visually rich, non-comedic animated classics.  
PREDICTION: 1","While my prediction leans on genre alignment with Person 1’s liked films, Beowulf’s extremely low average rating (2.92) and adult-oriented, dark animation style may not resonate with their clear preference for warm, musical, family-friendly classics like Cinderella—suggesting I may have overestimated the appeal of fantasy animation without considering tone mismatch. Given the uncertainty and low ratings of both options, it’s safer to confirm with Person 1.  
DECISION: 1",,,2026-03-16T18:48:49.346641
avg_diff_005_015,1,1,1,0,"Person 1 has reviewed the following movies:

- Dark Knight Rises, The (2012) (Action|Adventure|Crime|IMAX): Rated 5.0/5
- American Sniper (2014) (Action|War): Rated 3.5/5
- Last Samurai, The (2003) (Action|Adventure|Drama|War): Rated 4.0/5
- Godfather, The (1972) (Crime|Drama): Rated 5.0/5
- Spider-Man: Into the Spider-Verse (2018) (Action|Adventure|Animation|Sci-Fi): Rated 3.5/5

Consider these two movies they have not seen:

- Movie A: Saving Private Ryan (1998) (Action|Drama|War), average rating 4.05/5 (1871 ratings)
- Movie B: Gone Girl (2014) (Drama|Thriller), average rating 3.90/5 (639 ratings)

TASK: Predict which movie Person 1 would rate higher. Explain your reasoning in 1 sentence. Then conclude with exactly 'PREDICTION: 1' (Movie A) or 'PREDICTION: 0' (Movie B).","You predicted Person 1's movie preference above.
TASK: Should we implement your prediction, or escalate to Person 1?
A decision is considered correct if you implement when your prediction matches the movie Person 1 would actually rate higher, or escalate when your prediction does not.
Explain your reasoning in 1-2 sentences, then conclude with exactly 'DECISION: 0' (implement) or 'DECISION: 1' (escalate).","Person 1 has a strong preference for war and action films with high emotional depth (evidenced by high ratings for The Dark Knight Rises, The Last Samurai, and The Godfather), and Saving Private Ryan aligns more closely with these genres and tone than the psychological thriller Gone Girl.  
PREDICTION: 1","Person 1’s high ratings for war films like American Sniper and The Last Samurai, along with their preference for emotionally intense, critically acclaimed narratives (e.g., The Godfather), strongly suggest Saving Private Ryan would resonate more than Gone Girl, which lacks the action/war elements they favor. My prediction is well-supported by their stated preferences.  
DECISION: 0",,,2026-03-16T18:48:49.865300
avg_diff_005_015,1,1,1,0,"Person 1 has reviewed the following movies:

- 8 1/2 (8½) (1963) (Drama|Fantasy): Rated 1.5/5
- All About My Mother (Todo sobre mi madre) (1999) (Drama): Rated 0.5/5
- All That Heaven Allows (1955) (Drama|Romance): Rated 2.0/5
- 27 Dresses (2008) (Comedy|Romance): Rated 5.0/5
- Army of Shadows (L'armée des ombres) (1969) (Action|Drama|Thriller|War): Rated 1.0/5

Consider these two movies they have not seen:

- Movie A: 50 First Dates (2004) (Comedy|Romance), average rating 3.28/5 (453 ratings)
- Movie B: Tunnel, The (Tunnel, Der) (2001) (Action|Drama|Thriller), average rating 3.21/5 (7 ratings)

TASK: Predict which movie Person 1 would rate higher. Explain your reasoning in 1 sentence. Then conclude with exactly 'PREDICTION: 1' (Movie A) or 'PREDICTION: 0' (Movie B).","You predicted Person 1's movie preference above.
TASK: Should we implement your prediction, or escalate to Person 1?
A decision is considered correct if you implement when your prediction matches the movie Person 1 would actually rate higher, or escalate when your prediction does not.
Explain your reasoning in 1-2 sentences, then conclude with exactly 'DECISION: 0' (implement) or 'DECISION: 1' (escalate).","Person 1 gave a perfect 5.0/5 to 27 Dresses, a lighthearted Comedy|Romance film, and rated all their other films (especially serious dramas and war films) very low, suggesting a strong preference for accessible romantic comedies over dark or intense genres — making 50 First Dates (Comedy|Romance) far more likely to be rated higher than the grim, low-rated thriller Tunnel.  
PREDICTION: 1","Person 1’s extreme preference for 27 Dresses (a similar rom-com) and consistent rejection of heavy dramas/war films strongly suggests their taste leans toward light, emotionally accessible romance comedies — making 50 First Dates a highly probable favorite. The data is consistent and the genre alignment is clear, so escalation adds unnecessary noise.  
DECISION: 0",,,2026-03-16T18:48:50.179818
avg_diff_005_015,1,0,0,1,"Person 1 has reviewed the following movies:

- League of Extraordinary Gentlemen, The (a.k.a. LXG) (2003) (Action|Fantasy|Sci-Fi): Rated 2.5/5
- Escape from New York (1981) (Action|Adventure|Sci-Fi|Thriller): Rated 5.0/5
- Ed Wood (1994) (Comedy|Drama): Rated 5.0/5
- Grumpier Old Men (1995) (Comedy|Romance): Rated 2.5/5
- There's Something About Mary (1998) (Comedy|Romance): Rated 2.0/5

Consider these two movies they have not seen:

- Movie A: Postman Always Rings Twice, The (1981) (Crime|Thriller), average rating 3.11/5 (42 ratings)
- Movie B: Alien: Resurrection (1997) (Action|Horror|Sci-Fi), average rating 2.99/5 (405 ratings)

TASK: Predict which movie Person 1 would rate higher. Explain your reasoning in 1 sentence. Then conclude with exactly 'PREDICTION: 1' (Movie A) or 'PREDICTION: 0' (Movie B).","You predicted Person 1's movie preference above.
TASK: Should we implement your prediction, or escalate to Person 1?
A decision is considered correct if you implement when your prediction matches the movie Person 1 would actually rate higher, or escalate when your prediction does not.
Explain your reasoning in 1-2 sentences, then conclude with exactly 'DECISION: 0' (implement) or 'DECISION: 1' (escalate).","Person 1 highly rated action/sci-fi films like *Escape from New York* and gave low ratings to comedies/romances, so they’re more likely to prefer the sci-fi/horror *Alien: Resurrection* over the crime/thriller *Postman Always Rings Twice*, despite its slightly higher average rating, because it aligns better with their taste in genre and tone.  
PREDICTION: 0","While *Alien: Resurrection* aligns with Person 1’s genre preferences (Action|Sci-Fi), their low ratings for other sci-fi films like *League of Extraordinary Gentlemen* (2.5/5) and *There’s Something About Mary* (2.0/5) suggest they may be skeptical of over-the-top or campy sci-fi, and *Alien: Resurrection* received mixed reviews for tone and execution—making the prediction uncertain. Given the ambiguity and low average ratings for both options, it’s safer to escalate.  
DECISION: 1",,,2026-03-16T18:48:51.554020
avg_diff_005_015,1,1,1,0,"Person 1 has reviewed the following movies:

- Social Network, The (2010) (Drama): Rated 4.0/5
- Parasite (2019) (Comedy|Drama): Rated 4.0/5
- One Flew Over the Cuckoo's Nest (1975) (Drama): Rated 4.0/5
- Godfather, The (1972) (Crime|Drama): Rated 3.5/5
- Seven (a.k.a. Se7en) (1995) (Mystery|Thriller): Rated 3.0/5

Consider these two movies they have not seen:

- Movie A: Whiplash (2014) (Drama), average rating 4.15/5 (629 ratings)
- Movie B: Forrest Gump (1994) (Comedy|Drama|Romance|War), average rating 4.04/5 (3089 ratings)

TASK: Predict which movie Person 1 would rate higher. Explain your reasoning in 1 sentence. Then conclude with exactly 'PREDICTION: 1' (Movie A) or 'PREDICTION: 0' (Movie B).","You predicted Person 1's movie preference above.
TASK: Should we implement your prediction, or escalate to Person 1?
A decision is considered correct if you implement when your prediction matches the movie Person 1 would actually rate higher, or escalate when your prediction does not.
Explain your reasoning in 1-2 sentences, then conclude with exactly 'DECISION: 0' (implement) or 'DECISION: 1' (escalate).","Person 1 consistently rates drama-heavy films highly (all their rated films are dramas or include drama, with ratings of 3.0–4.0), and Whiplash, as a tightly focused, intense drama with a slightly higher average rating and thematic resonance with their other high-rated films like The Social Network and One Flew Over the Cuckoo’s Nest, is more aligned with their preferences than the broader, more sentimental Forrest Gump.  
PREDICTION: 1","Person 1’s consistent preference for intense, critically acclaimed dramas with high ratings (e.g., The Social Network, Whiplash’s thematic cousin) strongly suggests they would favor Whiplash over the more mainstream, emotionally sentimental Forrest Gump, making the prediction reliable.  
DECISION: 0",,,2026-03-16T18:48:51.961970
avg_diff_005_015,0,0,1,1,"Person 1 has reviewed the following movies:

- Interstellar (2014) (Sci-Fi|IMAX): Rated 3.0/5
- Pulp Fiction (1994) (Comedy|Crime|Drama|Thriller): Rated 5.0/5
- Big Lebowski, The (1998) (Comedy|Crime): Rated 3.5/5
- Apartment, The (1960) (Comedy|Drama|Romance): Rated 3.5/5
- Shutter Island (2010) (Drama|Mystery|Thriller): Rated 3.0/5

Consider these two movies they have not seen:

- Movie A: Blade Runner (1982) (Action|Sci-Fi|Thriller), average rating 4.10/5 (1417 ratings)
- Movie B: Bonnie and Clyde (1967) (Crime|Drama), average rating 3.96/5 (326 ratings)

TASK: Predict which movie Person 1 would rate higher. Explain your reasoning in 1 sentence. Then conclude with exactly 'PREDICTION: 1' (Movie A) or 'PREDICTION: 0' (Movie B).","You predicted Person 1's movie preference above.
TASK: Should we implement your prediction, or escalate to Person 1?
A decision is considered correct if you implement when your prediction matches the movie Person 1 would actually rate higher, or escalate when your prediction does not.
Explain your reasoning in 1-2 sentences, then conclude with exactly 'DECISION: 0' (implement) or 'DECISION: 1' (escalate).","Person 1 gave high ratings to Pulp Fiction (5.0) and moderate ratings to other crime/drama films like The Big Lebowski and The Apartment, suggesting a strong affinity for stylized crime/drama with comedic or philosophical elements, which aligns more closely with Bonnie and Clyde’s genre and tone than Blade Runner’s colder sci-fi thriller style.  
PREDICTION: 0","While Person 1 liked Pulp Fiction and other crime/drama films, their low rating for Interstellar and Shutter Island suggests they may not be drawn to intense sci-fi or thriller tones, making Bonnie and Clyde a safer bet—but without knowing their personal taste for 1960s New Wave cinema, there’s still uncertainty.  
DECISION: 1",,,2026-03-16T18:48:52.286690
avg_diff_005_015,0,1,0,1,"Person 1 has reviewed the following movies:

- Air Force One (1997) (Action|Thriller): Rated 2.0/5
- Heavenly Creatures (1994) (Crime|Drama): Rated 4.0/5
- Rock, The (1996) (Action|Adventure|Thriller): Rated 2.0/5
- Mission: Impossible (1996) (Action|Adventure|Mystery|Thriller): Rated 1.0/5
- Three Colors: Red (Trois couleurs: Rouge) (1994) (Drama): Rated 4.0/5

Consider these two movies they have not seen:

- Movie A: Truman Show, The (1998) (Comedy|Drama|Sci-Fi), average rating 3.91/5 (1395 ratings)
- Movie B: As Good as It Gets (1997) (Comedy|Drama|Romance), average rating 3.78/5 (847 ratings)

TASK: Predict which movie Person 1 would rate higher. Explain your reasoning in 1 sentence. Then conclude with exactly 'PREDICTION: 1' (Movie A) or 'PREDICTION: 0' (Movie B).","You predicted Person 1's movie preference above.
TASK: Should we implement your prediction, or escalate to Person 1?
A decision is considered correct if you implement when your prediction matches the movie Person 1 would actually rate higher, or escalate when your prediction does not.
Explain your reasoning in 1-2 sentences, then conclude with exactly 'DECISION: 0' (implement) or 'DECISION: 1' (escalate).","Person 1 consistently rates dramatic, psychologically nuanced films highly (e.g., Heavenly Creatures and Three Colors: Red at 4.0/5), and both Movie A and Movie B are dramas with emotional depth, but The Truman Show’s sci-fi and existential themes align more closely with the cerebral tone of their high-rated films than the romantic comedy tone of As Good as It Gets.  
PREDICTION: 1","While The Truman Show’s thematic depth aligns with Person 1’s high ratings for Heavenly Creatures and Three Colors: Red, their low ratings for action/thrillers suggest they may avoid films with speculative or satirical tones—making As Good as It Gets’ grounded human drama a potentially better fit. Without knowing their exact preference for comedy-drama vs. sci-fi-drama, the prediction is plausible but uncertain.  
DECISION: 1",,,2026-03-16T18:48:52.447098
avg_diff_005_015,1,1,1,0,"Person 1 has reviewed the following movies:

- Schindler's List (1993) (Drama|War): Rated 5.0/5
- Rudy (1993) (Drama): Rated 3.5/5
- Bridge to Terabithia (2007) (Adventure|Children|Fantasy): Rated 4.5/5
- Dark Knight, The (2008) (Action|Crime|Drama|IMAX): Rated 5.0/5
- Bourne Ultimatum, The (2007) (Action|Crime|Thriller): Rated 4.5/5

Consider these two movies they have not seen:

- Movie A: Bourne Supremacy, The (2004) (Action|Crime|Thriller), average rating 3.83/5 (791 ratings)
- Movie B: Sin City (2005) (Action|Crime|Film-Noir|Mystery|Thriller), average rating 3.74/5 (895 ratings)

TASK: Predict which movie Person 1 would rate higher. Explain your reasoning in 1 sentence. Then conclude with exactly 'PREDICTION: 1' (Movie A) or 'PREDICTION: 0' (Movie B).","You predicted Person 1's movie preference above.
TASK: Should we implement your prediction, or escalate to Person 1?
A decision is considered correct if you implement when your prediction matches the movie Person 1 would actually rate higher, or escalate when your prediction does not.
Explain your reasoning in 1-2 sentences, then conclude with exactly 'DECISION: 0' (implement) or 'DECISION: 1' (escalate).","Person 1 has a strong preference for high-rated action/thriller films like The Bourne Ultimatum (4.5/5) and The Dark Knight (5.0/5), making them more likely to rate the similarly themed Bourne Supremacy higher than the stylistically distinct Sin City.  
PREDICTION: 1","Person 1 consistently rates high-quality action/thrillers very highly (e.g., The Bourne Ultimatum and The Dark Knight), and The Bourne Supremacy is part of the same franchise with a similar tone and genre, making it highly likely they’d rate it higher than Sin City’s stylized noir. The average ratings (3.83 vs. 3.74) are close, but personal preference for the Bourne series strongly supports the prediction.  
DECISION: 0",,,2026-03-16T18:48:53.657764
avg_diff_005_015,0,0,1,1,"Person 1 has reviewed the following movies:

- Pink Floyd: The Wall (1982) (Drama|Musical): Rated 5.0/5
- *batteries not included (1987) (Children|Comedy|Fantasy|Sci-Fi): Rated 3.5/5
- Bedtime Stories (2008) (Adventure|Children|Comedy): Rated 2.0/5
- Can't Hardly Wait (1998) (Comedy|Drama|Romance): Rated 4.0/5
- Silence of the Lambs, The (1991) (Crime|Horror|Thriller): Rated 5.0/5

Consider these two movies they have not seen:

- Movie A: Better Off Dead... (1985) (Comedy|Romance), average rating 3.90/5 (160 ratings)
- Movie B: Cider House Rules, The (1999) (Drama), average rating 3.82/5 (225 ratings)

TASK: Predict which movie Person 1 would rate higher. Explain your reasoning in 1 sentence. Then conclude with exactly 'PREDICTION: 1' (Movie A) or 'PREDICTION: 0' (Movie B).","You predicted Person 1's movie preference above.
TASK: Should we implement your prediction, or escalate to Person 1?
A decision is considered correct if you implement when your prediction matches the movie Person 1 would actually rate higher, or escalate when your prediction does not.
Explain your reasoning in 1-2 sentences, then conclude with exactly 'DECISION: 0' (implement) or 'DECISION: 1' (escalate).","Person 1 highly rates intense, emotionally driven films like *The Silence of the Lambs* and *The Wall* (both 5.0), and shows a preference for darker or more complex narratives over light-hearted family comedies like *Bedtime Stories* (2.0), making them more likely to connect with the dramatic depth of *The Cider House Rules* than the quirky teen comedy *Better Off Dead...*  
PREDICTION: 0","While my prediction is grounded in Person 1’s clear preference for high-intensity, emotionally complex films over light comedies, the average ratings of both movies are very close (3.90 vs. 3.82), and Person 1 has shown inconsistent tastes within genres (e.g., loving *Can’t Hardly Wait* but hating *Bedtime Stories*), making their true preference uncertain. To avoid misprediction, it’s safer to escalate.  
DECISION: 1",,,2026-03-16T18:48:53.717672
avg_diff_005_015,1,1,1,0,"Person 1 has reviewed the following movies:

- Raiders of the Lost Ark (Indiana Jones and the Raiders of the Lost Ark) (1981) (Action|Adventure): Rated 5.0/5
- Almost Famous (2000) (Drama): Rated 4.0/5
- Adventures of Priscilla, Queen of the Desert, The (1994) (Comedy|Drama): Rated 2.0/5
- Bird on a Wire (1990) (Action|Comedy|Romance): Rated 3.0/5
- JFK (1991) (Drama|Mystery|Thriller): Rated 4.0/5

Consider these two movies they have not seen:

- Movie A: Rock, The (1996) (Action|Adventure|Thriller), average rating 3.65/5 (1153 ratings)
- Movie B: Fallen (1998) (Crime|Drama|Fantasy|Thriller), average rating 3.54/5 (129 ratings)

TASK: Predict which movie Person 1 would rate higher. Explain your reasoning in 1 sentence. Then conclude with exactly 'PREDICTION: 1' (Movie A) or 'PREDICTION: 0' (Movie B).","You predicted Person 1's movie preference above.
TASK: Should we implement your prediction, or escalate to Person 1?
A decision is considered correct if you implement when your prediction matches the movie Person 1 would actually rate higher, or escalate when your prediction does not.
Explain your reasoning in 1-2 sentences, then conclude with exactly 'DECISION: 0' (implement) or 'DECISION: 1' (escalate).","Person 1 consistently rates action-adventure and thriller films highly (e.g., 5.0 for Raiders of the Lost Ark, 4.0 for JFK), and while both movies fit the thriller/adventure mold, Movie A (The Rock) aligns more closely with their high-rated preferences in action-adventure, making it more likely to be rated higher.  
PREDICTION: 1","Person 1’s high ratings for action-adventure (Raiders) and thriller (JFK) strongly suggest they’d prefer The Rock’s genre blend over Fallen’s darker, fantasy-infused crime thriller, and the higher average rating of Movie A further supports this. Given the consistency in their past preferences and the clear genre alignment, the prediction is reliable.  
DECISION: 0",,,2026-03-16T18:48:53.740787
avg_diff_005_015,1,1,1,0,"Person 1 has reviewed the following movies:

- Ransom (1996) (Crime|Thriller): Rated 3.0/5
- Green Mile, The (1999) (Crime|Drama): Rated 4.5/5
- Mad Max (1979) (Action|Adventure|Sci-Fi): Rated 3.5/5
- Lord of the Rings: The Two Towers, The (2002) (Adventure|Fantasy): Rated 4.0/5
- American History X (1998) (Crime|Drama): Rated 4.0/5

Consider these two movies they have not seen:

- Movie A: Sixth Sense, The (1999) (Drama|Horror|Mystery), average rating 4.02/5 (1785 ratings)
- Movie B: Kill Bill: Vol. 1 (2003) (Action|Crime|Thriller), average rating 3.88/5 (1409 ratings)

TASK: Predict which movie Person 1 would rate higher. Explain your reasoning in 1 sentence. Then conclude with exactly 'PREDICTION: 1' (Movie A) or 'PREDICTION: 0' (Movie B).","You predicted Person 1's movie preference above.
TASK: Should we implement your prediction, or escalate to Person 1?
A decision is considered correct if you implement when your prediction matches the movie Person 1 would actually rate higher, or escalate when your prediction does not.
Explain your reasoning in 1-2 sentences, then conclude with exactly 'DECISION: 0' (implement) or 'DECISION: 1' (escalate).","Person 1 consistently rates emotionally intense, character-driven dramas and thrillers higher (e.g., The Green Mile and American History X at 4.0+), and while both movies are well-rated, The Sixth Sense’s psychological depth and dramatic tone align more closely with their preferences than Kill Bill’s stylized action.  
PREDICTION: 1","Person 1’s high ratings for emotionally complex dramas like The Green Mile and American History X strongly suggest a preference for psychological depth over stylized action, making The Sixth Sense a more likely higher-rated choice than Kill Bill. Given the alignment between their past preferences and The Sixth Sense’s tone, the prediction is well-supported.  
DECISION: 0",,,2026-03-16T18:48:54.101051
avg_diff_005_015,1,1,1,0,"Person 1 has reviewed the following movies:

- Nightmare on Elm Street, A (1984) (Horror|Thriller): Rated 3.0/5
- Event Horizon (1997) (Horror|Sci-Fi|Thriller): Rated 4.5/5
- Star Trek IV: The Voyage Home (1986) (Adventure|Comedy|Sci-Fi): Rated 4.0/5
- Jurassic Park (1993) (Action|Adventure|Sci-Fi|Thriller): Rated 4.0/5
- Silence of the Lambs, The (1991) (Crime|Horror|Thriller): Rated 4.5/5

Consider these two movies they have not seen:

- Movie A: Star Wars: Episode IV - A New Hope (1977) (Action|Adventure|Sci-Fi), average rating 4.09/5 (2635 ratings)
- Movie B: Terminator 2: Judgment Day (1991) (Action|Sci-Fi), average rating 3.95/5 (2136 ratings)

TASK: Predict which movie Person 1 would rate higher. Explain your reasoning in 1 sentence. Then conclude with exactly 'PREDICTION: 1' (Movie A) or 'PREDICTION: 0' (Movie B).","You predicted Person 1's movie preference above.
TASK: Should we implement your prediction, or escalate to Person 1?
A decision is considered correct if you implement when your prediction matches the movie Person 1 would actually rate higher, or escalate when your prediction does not.
Explain your reasoning in 1-2 sentences, then conclude with exactly 'DECISION: 0' (implement) or 'DECISION: 1' (escalate).","Person 1 consistently rates high-quality sci-fi and action-adventure films with thrillers highly (e.g., Event Horizon 4.5, Silence of the Lambs 4.5, Jurassic Park 4.0), and while both movies are similar, Star Wars: A New Hope has a slightly higher average rating and aligns more closely with their preference for iconic, genre-defining sci-fi adventures over pure action-focused sequels like Terminator 2.  
PREDICTION: 1","Person 1 has shown a strong preference for critically acclaimed, high-rated sci-fi/horror hybrids with emotional depth and iconic status (e.g., Event Horizon, Silence of the Lambs), and Star Wars: A New Hope fits this pattern better than Terminator 2, which, while popular, is more straightforward action and lacks the psychological or atmospheric elements Person 1 favors. Their ratings suggest they value cultural impact and genre blending, making the prediction reliable.  
DECISION: 0",,,2026-03-16T18:48:54.161557
avg_diff_005_015,0,1,0,0,"Person 1 has reviewed the following movies:

- Seven (a.k.a. Se7en) (1995) (Mystery|Thriller): Rated 3.5/5
- Life Is Beautiful (La Vita è bella) (1997) (Comedy|Drama|Romance|War): Rated 4.5/5
- One Flew Over the Cuckoo's Nest (1975) (Drama): Rated 4.0/5
- Fargo (1996) (Comedy|Crime|Drama|Thriller): Rated 4.5/5
- Fugitive, The (1993) (Thriller): Rated 4.0/5

Consider these two movies they have not seen:

- Movie A: Braveheart (1995) (Action|Drama|War), average rating 4.00/5 (2161 ratings)
- Movie B: Toy Story (1995) (Adventure|Animation|Children|Comedy|Fantasy), average rating 3.86/5 (2141 ratings)

TASK: Predict which movie Person 1 would rate higher. Explain your reasoning in 1 sentence. Then conclude with exactly 'PREDICTION: 1' (Movie A) or 'PREDICTION: 0' (Movie B).","You predicted Person 1's movie preference above.
TASK: Should we implement your prediction, or escalate to Person 1?
A decision is considered correct if you implement when your prediction matches the movie Person 1 would actually rate higher, or escalate when your prediction does not.
Explain your reasoning in 1-2 sentences, then conclude with exactly 'DECISION: 0' (implement) or 'DECISION: 1' (escalate).","Person 1 has a strong preference for critically acclaimed, emotionally intense dramas and thrillers with mature themes (e.g., Seven, Fargo, Life Is Beautiful), and while Braveheart fits this pattern as a sweeping historical drama with emotional weight, Toy Story is a lighthearted animated family film outside their established taste.  
PREDICTION: 1","Person 1’s rated films consistently reflect a preference for dark, complex, and emotionally resonant dramas or thrillers—Braveheart aligns with that tone and genre, while Toy Story is a family-oriented animated comedy, which is stylistically and thematically distant from their tastes. The average ratings are close, but personal preference patterns strongly favor Braveheart.  
DECISION: 0",,,2026-03-16T18:48:54.962401
avg_diff_005_015,0,0,1,1,"Person 1 has reviewed the following movies:

- Wreck-It Ralph (2012) (Animation|Comedy): Rated 4.0/5
- Harry Potter and the Order of the Phoenix (2007) (Adventure|Drama|Fantasy|IMAX): Rated 3.0/5
- Hidden Figures (2016) (Drama): Rated 4.5/5
- Doctor Strange (2016) (Action|Adventure|Sci-Fi): Rated 5.0/5
- Captain America: The Winter Soldier (2014) (Action|Adventure|Sci-Fi|IMAX): Rated 4.0/5

Consider these two movies they have not seen:

- Movie A: Harry Potter and the Half-Blood Prince (2009) (Adventure|Fantasy|Mystery|Romance|IMAX), average rating 3.82/5 (680 ratings)
- Movie B: Social Network, The (2010) (Drama), average rating 3.77/5 (659 ratings)

TASK: Predict which movie Person 1 would rate higher. Explain your reasoning in 1 sentence. Then conclude with exactly 'PREDICTION: 1' (Movie A) or 'PREDICTION: 0' (Movie B).","You predicted Person 1's movie preference above.
TASK: Should we implement your prediction, or escalate to Person 1?
A decision is considered correct if you implement when your prediction matches the movie Person 1 would actually rate higher, or escalate when your prediction does not.
Explain your reasoning in 1-2 sentences, then conclude with exactly 'DECISION: 0' (implement) or 'DECISION: 1' (escalate).","Person 1 highly rated Doctor Strange and Captain America (both Marvel superhero films) and Hidden Figures (a critically acclaimed drama), but gave a low rating to Harry Potter and the Order of the Phoenix, suggesting a preference for strong narratives and character-driven stories over fantasy sequels — making them more likely to prefer The Social Network’s sharp drama over another Harry Potter film.  
PREDICTION: 0","While Person 1 gave a low rating to a previous Harry Potter film, their high ratings for Marvel films and Hidden Figures suggest they value strong storytelling and character development — traits The Social Network exemplifies — making the prediction reasonable. However, without direct evidence of their preference for biographical dramas versus fantasy sequels, there’s still uncertainty.  
DECISION: 1",,,2026-03-16T18:48:55.034366
avg_diff_005_015,0,1,0,0,"Person 1 has reviewed the following movies:

- Godfather: Part II, The (1974) (Crime|Drama): Rated 4.0/5
- Animal Crackers (1930) (Comedy|Musical): Rated 3.5/5
- Lolita (1962) (Drama|Romance): Rated 5.0/5
- North by Northwest (1959) (Action|Adventure|Mystery|Romance|Thriller): Rated 5.0/5
- Streetcar Named Desire, A (1951) (Drama): Rated 5.0/5

Consider these two movies they have not seen:

- Movie A: Pulp Fiction (1994) (Comedy|Crime|Drama|Thriller), average rating 4.18/5 (3047 ratings)
- Movie B: Citizen Kane (1941) (Drama|Mystery), average rating 4.11/5 (751 ratings)

TASK: Predict which movie Person 1 would rate higher. Explain your reasoning in 1 sentence. Then conclude with exactly 'PREDICTION: 1' (Movie A) or 'PREDICTION: 0' (Movie B).","You predicted Person 1's movie preference above.
TASK: Should we implement your prediction, or escalate to Person 1?
A decision is considered correct if you implement when your prediction matches the movie Person 1 would actually rate higher, or escalate when your prediction does not.
Explain your reasoning in 1-2 sentences, then conclude with exactly 'DECISION: 0' (implement) or 'DECISION: 1' (escalate).","Person 1 has a strong preference for critically acclaimed, high-rated classic dramas and thrillers (e.g., The Godfather Part II, North by Northwest, A Streetcar Named Desire), and while both movies have similar average ratings, Pulp Fiction’s blend of crime, drama, and thriller elements aligns more closely with their demonstrated taste than Citizen Kane’s more formal, mystery-driven classicism.  
PREDICTION: 1","Person 1 has consistently rated high-profile, genre-blending classics with strong dramatic and stylistic depth very highly, and Pulp Fiction fits this pattern more closely than Citizen Kane—despite the latter’s canonical status, its slower, more austere tone is less aligned with Person 1’s affinity for intense, character-driven thrillers like North by Northwest and The Godfather Part II. My prediction is well-grounded in their demonstrated preferences.  
DECISION: 0",,,2026-03-16T18:48:55.157317
avg_diff_005_015,1,0,0,1,"Person 1 has reviewed the following movies:

- Scream 3 (2000) (Comedy|Horror|Mystery|Thriller): Rated 4.0/5
- High Fidelity (2000) (Comedy|Drama|Romance): Rated 4.0/5
- Con Air (1997) (Action|Adventure|Thriller): Rated 3.0/5
- Dracula (Bram Stoker's Dracula) (1992) (Fantasy|Horror|Romance|Thriller): Rated 4.0/5
- Gattaca (1997) (Drama|Sci-Fi|Thriller): Rated 5.0/5

Consider these two movies they have not seen:

- Movie A: Erin Brockovich (2000) (Drama), average rating 3.63/5 (693 ratings)
- Movie B: Sleepy Hollow (1999) (Fantasy|Horror|Mystery|Romance), average rating 3.54/5 (572 ratings)

TASK: Predict which movie Person 1 would rate higher. Explain your reasoning in 1 sentence. Then conclude with exactly 'PREDICTION: 1' (Movie A) or 'PREDICTION: 0' (Movie B).","You predicted Person 1's movie preference above.
TASK: Should we implement your prediction, or escalate to Person 1?
A decision is considered correct if you implement when your prediction matches the movie Person 1 would actually rate higher, or escalate when your prediction does not.
Explain your reasoning in 1-2 sentences, then conclude with exactly 'DECISION: 0' (implement) or 'DECISION: 1' (escalate).","Person 1 has a strong preference for thrillers, dramas, and horror with high ratings (e.g., 5.0 for Gattaca, 4.0 for Scream 3 and Dracula), and Sleepy Hollow (Movie B) aligns more closely with their favored genres (Fantasy|Horror|Mystery|Romance) than Erin Brockovich (Drama only), despite its slightly lower average rating.  
PREDICTION: 0","While Sleepy Hollow matches Person 1’s genre preferences (Horror, Fantasy, Mystery), their highest-rated films (like Gattaca and Dracula) also reflect a strong appreciation for intelligent, atmospheric storytelling—Sleepy Hollow’s lower average rating and more stylized, gothic tone may not resonate as deeply as the grounded drama of Erin Brockovich, which aligns with their 4.0+ ratings for High Fidelity and Scream 3. Given the ambiguity and the high stakes of misprediction, it’s safer to escalate.  
DECISION: 1",,,2026-03-16T18:48:55.686014
avg_diff_005_015,0,1,0,1,"Person 1 has reviewed the following movies:

- Arthur and the Revenge of Maltazard (Arthur et la vengeance de Maltazard) (2009) (Animation|Children|Fantasy): Rated 3.0/5
- Monster (2003) (Crime|Drama): Rated 4.0/5
- Angel Heart (1987) (Film-Noir|Horror|Mystery|Thriller): Rated 3.5/5
- Law Abiding Citizen (2009) (Drama|Thriller): Rated 4.0/5
- Rebound (2005) (Comedy): Rated 3.0/5

Consider these two movies they have not seen:

- Movie A: Dogville (2003) (Drama|Mystery|Thriller), average rating 3.84/5 (149 ratings)
- Movie B: Orphanage, The (Orfanato, El) (2007) (Drama|Horror|Mystery|Thriller), average rating 3.70/5 (87 ratings)

TASK: Predict which movie Person 1 would rate higher. Explain your reasoning in 1 sentence. Then conclude with exactly 'PREDICTION: 1' (Movie A) or 'PREDICTION: 0' (Movie B).","You predicted Person 1's movie preference above.
TASK: Should we implement your prediction, or escalate to Person 1?
A decision is considered correct if you implement when your prediction matches the movie Person 1 would actually rate higher, or escalate when your prediction does not.
Explain your reasoning in 1-2 sentences, then conclude with exactly 'DECISION: 0' (implement) or 'DECISION: 1' (escalate).","Person 1 consistently rates thrillers and dramas with psychological or dark themes higher (e.g., 4.0 for Law Abiding Citizen and Monster, 3.5 for Angel Heart), and Movie A (Dogville) aligns more closely with their preference for intense, atmospheric thrillers/dramas than Movie B’s supernatural horror tone.  
PREDICTION: 1","While my prediction is grounded in Person 1’s established preference for psychological thrillers and darker dramas, Dogville’s minimalist, polarizing style may not align with their taste—especially since they rated similar-toned films like Angel Heart only 3.5, suggesting moderate appreciation at best. Without stronger evidence of their tolerance for avant-garde or slow-burn narratives, it’s safer to escalate.  
DECISION: 1",,,2026-03-16T18:48:56.233096
avg_diff_005_015,1,1,1,0,"Person 1 has reviewed the following movies:

- Star Wars: Episode I - The Phantom Menace (1999) (Action|Adventure|Sci-Fi): Rated 3.0/5
- Transformers: The Movie (1986) (Adventure|Animation|Children|Sci-Fi): Rated 1.0/5
- Shall We Dance? (Shall We Dansu?) (1996) (Comedy|Drama|Romance): Rated 2.0/5
- Schindler's List (1993) (Drama|War): Rated 5.0/5
- Hugo (2011) (Children|Drama|Mystery): Rated 4.5/5

Consider these two movies they have not seen:

- Movie A: What Dreams May Come (1998) (Adventure|Drama|Fantasy|Romance), average rating 3.42/5 (155 ratings)
- Movie B: Ocean's Twelve (2004) (Action|Comedy|Crime|Thriller), average rating 3.28/5 (422 ratings)

TASK: Predict which movie Person 1 would rate higher. Explain your reasoning in 1 sentence. Then conclude with exactly 'PREDICTION: 1' (Movie A) or 'PREDICTION: 0' (Movie B).","You predicted Person 1's movie preference above.
TASK: Should we implement your prediction, or escalate to Person 1?
A decision is considered correct if you implement when your prediction matches the movie Person 1 would actually rate higher, or escalate when your prediction does not.
Explain your reasoning in 1-2 sentences, then conclude with exactly 'DECISION: 0' (implement) or 'DECISION: 1' (escalate).","Person 1 strongly prefers emotionally deep, visually rich dramas like Schindler’s List and Hugo, and dislikes overstimulating or shallow action/sci-fi (e.g., low ratings for Star Wars and Transformers), so they are more likely to resonate with the heartfelt fantasy-drama of What Dreams May Come than the lighthearted heist comedy of Ocean’s Twelve.  
PREDICTION: 1","Person 1’s high ratings for emotionally nuanced films like Schindler’s List and Hugo suggest a strong preference for sincere, atmospheric dramas over genre-driven or comedic fare—What Dreams May Come aligns with that taste, while Ocean’s Twelve does not. Given the consistency in their historical preferences, the prediction is reliable.  
DECISION: 0",,,2026-03-16T18:48:56.266743
avg_diff_005_015,1,1,1,1,"Person 1 has reviewed the following movies:

- Sixth Sense, The (1999) (Drama|Horror|Mystery): Rated 5.0/5
- Mission: Impossible II (2000) (Action|Adventure|Thriller): Rated 3.0/5
- What Lies Beneath (2000) (Drama|Horror|Mystery): Rated 4.0/5
- Cast Away (2000) (Drama): Rated 5.0/5
- Prince of Egypt, The (1998) (Animation|Musical): Rated 3.0/5

Consider these two movies they have not seen:

- Movie A: For Love of the Game (1999) (Comedy|Drama), average rating 3.11/5 (81 ratings)
- Movie B: Father of the Bride Part II (1995) (Comedy), average rating 3.06/5 (414 ratings)

TASK: Predict which movie Person 1 would rate higher. Explain your reasoning in 1 sentence. Then conclude with exactly 'PREDICTION: 1' (Movie A) or 'PREDICTION: 0' (Movie B).","You predicted Person 1's movie preference above.
TASK: Should we implement your prediction, or escalate to Person 1?
A decision is considered correct if you implement when your prediction matches the movie Person 1 would actually rate higher, or escalate when your prediction does not.
Explain your reasoning in 1-2 sentences, then conclude with exactly 'DECISION: 0' (implement) or 'DECISION: 1' (escalate).","Person 1 consistently gave high ratings (4.0–5.0) to dramatic films with emotional depth (e.g., The Sixth Sense, Cast Away) and lower ratings to action/thrillers or animated musicals, suggesting a preference for serious, character-driven dramas over light comedies—so they are likely to rate Movie A (Comedy|Drama) higher than Movie B (pure Comedy), despite both having similar average ratings.  
PREDICTION: 1","Person 1’s high ratings for emotionally resonant dramas like The Sixth Sense and Cast Away suggest they value depth and narrative over genre labels, making Movie A’s drama component more aligned with their tastes than Movie B’s pure comedy—even though both have low average ratings. However, without knowing their specific tolerance for comedy-drama hybrids versus pure comedies, there’s still uncertainty.  
DECISION: 1",,,2026-03-16T18:48:56.591803
avg_diff_005_015,1,1,1,1,"Person 1 has reviewed the following movies:

- Little Mermaid, The (1989) (Animation|Children|Comedy|Musical|Romance): Rated 3.5/5
- The Butterfly Effect (2004) (Drama|Sci-Fi|Thriller): Rated 3.5/5
- Toy Story (1995) (Adventure|Animation|Children|Comedy|Fantasy): Rated 5.0/5
- School of Rock (2003) (Comedy|Musical): Rated 2.5/5
- Constantine (2005) (Action|Fantasy|Horror|Thriller): Rated 3.5/5

Consider these two movies they have not seen:

- Movie A: Kingdom, The (2007) (Action|Drama|Thriller), average rating 3.56/5 (72 ratings)
- Movie B: 40-Year-Old Virgin, The (2005) (Comedy|Romance), average rating 3.47/5 (634 ratings)

TASK: Predict which movie Person 1 would rate higher. Explain your reasoning in 1 sentence. Then conclude with exactly 'PREDICTION: 1' (Movie A) or 'PREDICTION: 0' (Movie B).","You predicted Person 1's movie preference above.
TASK: Should we implement your prediction, or escalate to Person 1?
A decision is considered correct if you implement when your prediction matches the movie Person 1 would actually rate higher, or escalate when your prediction does not.
Explain your reasoning in 1-2 sentences, then conclude with exactly 'DECISION: 0' (implement) or 'DECISION: 1' (escalate).","Person 1 gave high ratings to comedies with musical elements (Toy Story: 5.0) and moderate ratings to thrillers/dramas (The Butterfly Effect, Constantine: both 3.5), but disliked School of Rock (Comedy/Musical: 2.5), suggesting inconsistent taste in comedy—however, The 40-Year-Old Virgin is a raunchy romantic comedy, which may not align with their preference for family-friendly or musically driven humor, while Kingdom, The offers a more serious, intense thriller/drama tone that matches their 3.5 ratings in similar genres.  
PREDICTION: 1","While the genre alignment suggests Movie A (Kingdom, The) is a better fit, Person 1’s low rating for School of Rock (a comedy with music) indicates their comedy tolerance is narrow and unpredictable, making it risky to assume their preference for thrillers over romantic comedies without direct confirmation.  
DECISION: 1",,,2026-03-16T18:48:57.198572
avg_diff_005_015,0,1,0,1,"Person 1 has reviewed the following movies:

- American Pie 2 (2001) (Comedy): Rated 0.5/5
- Catch Me If You Can (2002) (Crime|Drama): Rated 4.5/5
- Million Dollar Baby (2004) (Drama): Rated 4.0/5
- Shrek 2 (2004) (Adventure|Animation|Children|Comedy|Musical|Romance): Rated 4.5/5
- Avatar (2009) (Action|Adventure|Sci-Fi|IMAX): Rated 1.5/5

Consider these two movies they have not seen:

- Movie A: Shining, The (1980) (Horror), average rating 4.07/5 (1243 ratings)
- Movie B: The Hateful Eight (2015) (Western), average rating 3.97/5 (355 ratings)

TASK: Predict which movie Person 1 would rate higher. Explain your reasoning in 1 sentence. Then conclude with exactly 'PREDICTION: 1' (Movie A) or 'PREDICTION: 0' (Movie B).","You predicted Person 1's movie preference above.
TASK: Should we implement your prediction, or escalate to Person 1?
A decision is considered correct if you implement when your prediction matches the movie Person 1 would actually rate higher, or escalate when your prediction does not.
Explain your reasoning in 1-2 sentences, then conclude with exactly 'DECISION: 0' (implement) or 'DECISION: 1' (escalate).","Person 1 gave high ratings to visually immersive, emotionally intense films like *Catch Me If You Can* and *Shrek 2*, but strongly disliked *Avatar*, suggesting they dislike overhyped, spectacle-driven films—*The Shining* aligns with their taste for critically acclaimed, psychologically intense narratives, while *The Hateful Eight*’s slow-burn Western style and divisive tone are less likely to resonate.  
PREDICTION: 1","While my prediction is grounded in pattern recognition of Person 1’s preference for emotionally resonant, high-quality films over spectacle, their taste in horror is unknown—*The Shining* is a genre outlier compared to their other ratings, and its slow, psychological horror may not align with their documented preferences. Without clearer signals about their tolerance for horror, the risk of misprediction is high.  
DECISION: 1",,,2026-03-16T18:48:57.448490
avg_diff_005_015,1,1,1,0,"Person 1 has reviewed the following movies:

- Public Enemies (2009) (Crime|Drama|Thriller): Rated 3.5/5
- Hoosiers (a.k.a. Best Shot) (1986) (Drama|Romance): Rated 3.5/5
- Lives of Others, The (Das leben der Anderen) (2006) (Drama|Romance|Thriller): Rated 4.0/5
- Great Escape, The (1963) (Action|Adventure|Drama|War): Rated 4.5/5
- Chinatown (1974) (Crime|Film-Noir|Mystery|Thriller): Rated 4.0/5

Consider these two movies they have not seen:

- Movie A: Silence of the Lambs, The (1991) (Crime|Horror|Thriller), average rating 4.16/5 (2794 ratings)
- Movie B: Amelie (Fabuleux destin d'Amélie Poulain, Le) (2001) (Comedy|Romance), average rating 4.07/5 (1338 ratings)

TASK: Predict which movie Person 1 would rate higher. Explain your reasoning in 1 sentence. Then conclude with exactly 'PREDICTION: 1' (Movie A) or 'PREDICTION: 0' (Movie B).","You predicted Person 1's movie preference above.
TASK: Should we implement your prediction, or escalate to Person 1?
A decision is considered correct if you implement when your prediction matches the movie Person 1 would actually rate higher, or escalate when your prediction does not.
Explain your reasoning in 1-2 sentences, then conclude with exactly 'DECISION: 0' (implement) or 'DECISION: 1' (escalate).","Person 1 has a strong preference for critically acclaimed thrillers and dramas with complex narratives (e.g., The Lives of Others, The Great Escape, Chinatown), and while both movies have high average ratings, The Silence of the Lambs aligns more closely with their taste for intense, genre-blending thrillers than Amelie’s whimsical romance-comedy tone.  
PREDICTION: 1","Person 1’s history shows a clear affinity for dark, psychologically rich thrillers and dramas with historical or moral depth, making The Silence of the Lambs a strong thematic match—while Amelie, though beloved, is tonally and thematically distant from their rated favorites. The prediction is well-supported by their pattern.  
DECISION: 0",,,2026-03-16T18:48:57.624122
avg_diff_005_015,1,0,0,0,"Person 1 has reviewed the following movies:

- Beverly Hills Cop (1984) (Action|Comedy|Crime|Drama): Rated 4.0/5
- Coming to America (1988) (Comedy|Romance): Rated 4.0/5
- Beautiful Mind, A (2001) (Drama|Romance): Rated 5.0/5
- Juror, The (1996) (Drama|Thriller): Rated 2.0/5
- Demolition Man (1993) (Action|Adventure|Sci-Fi): Rated 4.0/5

Consider these two movies they have not seen:

- Movie A: Die Hard 2 (1990) (Action|Adventure|Thriller), average rating 3.45/5 (621 ratings)
- Movie B: Wedding Singer, The (1998) (Comedy|Romance), average rating 3.36/5 (490 ratings)

TASK: Predict which movie Person 1 would rate higher. Explain your reasoning in 1 sentence. Then conclude with exactly 'PREDICTION: 1' (Movie A) or 'PREDICTION: 0' (Movie B).","You predicted Person 1's movie preference above.
TASK: Should we implement your prediction, or escalate to Person 1?
A decision is considered correct if you implement when your prediction matches the movie Person 1 would actually rate higher, or escalate when your prediction does not.
Explain your reasoning in 1-2 sentences, then conclude with exactly 'DECISION: 0' (implement) or 'DECISION: 1' (escalate).","Person 1 has a strong preference for comedies and dramas with emotional depth (evidenced by high ratings for Coming to America and A Beautiful Mind) and dislikes intense thrillers (low rating for The Juror), making them more likely to enjoy The Wedding Singer’s lighthearted comedy-romance tone over Die Hard 2’s action-thriller intensity.  
PREDICTION: 0","My prediction is based on Person 1’s clear preference for comedy-romance (high ratings for Coming to America and A Beautiful Mind) and aversion to dark thrillers (low rating for The Juror), which aligns strongly with The Wedding Singer’s tone over Die Hard 2’s gritty action-thriller style — making the prediction likely accurate.  
DECISION: 0",,,2026-03-16T18:48:58.877032
avg_diff_005_015,1,1,1,1,"Person 1 has reviewed the following movies:

- Witness (1985) (Drama|Romance|Thriller): Rated 2.0/5
- Mask, The (1994) (Action|Comedy|Crime|Fantasy): Rated 0.5/5
- Truth About Cats & Dogs, The (1996) (Comedy|Romance): Rated 2.0/5
- My Cousin Vinny (1992) (Comedy): Rated 1.0/5
- Magdalene Sisters, The (2002) (Drama): Rated 2.5/5

Consider these two movies they have not seen:

- Movie A: Run Lola Run (Lola rennt) (1998) (Action|Crime), average rating 3.94/5 (676 ratings)
- Movie B: Shadow of the Thin Man (1941) (Comedy|Crime|Mystery), average rating 3.83/5 (9 ratings)

TASK: Predict which movie Person 1 would rate higher. Explain your reasoning in 1 sentence. Then conclude with exactly 'PREDICTION: 1' (Movie A) or 'PREDICTION: 0' (Movie B).","You predicted Person 1's movie preference above.
TASK: Should we implement your prediction, or escalate to Person 1?
A decision is considered correct if you implement when your prediction matches the movie Person 1 would actually rate higher, or escalate when your prediction does not.
Explain your reasoning in 1-2 sentences, then conclude with exactly 'DECISION: 0' (implement) or 'DECISION: 1' (escalate).","Person 1 consistently gave low ratings to comedies and mixed-genre films (especially those with fantasy or lighthearted tones), and while both movies have crime elements, Run Lola Run’s high average rating and intense, non-comedic action/thriller style aligns less with their pattern of disliking upbeat or fantastical genres than Shadow of the Thin Man’s classic, dialogue-driven mystery-comedy, which may feel more akin to the tone of My Cousin Vinny (which they hated), making it less likely to appeal—thus, the higher-rated Run Lola Run is still more likely to be preferred due to its serious tone and lack of comedy.  
PREDICTION: 1","Person 1 gave very low ratings to all comedies and light-hearted films, and while Run Lola Run is action-heavy and non-comedic (potentially more aligned with their tolerance for drama/thriller), Shadow of the Thin Man is a 1940s comedy-mystery—closer in tone to My Cousin Vinny, which they rated 1.0/5—making it far less likely to appeal. However, with only 9 ratings for Shadow and no clear evidence Person 1 enjoys classic noir or mystery, and given Run Lola Run’s strong critical reception and absence of comedy, the prediction is reasonable—but the sample size of Person 1’s preferences is too small to be confident.  
DECISION: 1",,,2026-03-16T18:48:58.921916
avg_diff_005_015,1,1,1,1,"Person 1 has reviewed the following movies:

- Superbad (2007) (Comedy): Rated 4.5/5
- Taken (2008) (Action|Crime|Drama|Thriller): Rated 4.0/5
- Lord of the Rings: The Two Towers, The (2002) (Adventure|Fantasy): Rated 5.0/5
- Untitled Spider-Man Reboot (2017) (Action|Adventure|Fantasy): Rated 4.0/5
- Goodfellas (1990) (Crime|Drama): Rated 5.0/5

Consider these two movies they have not seen:

- Movie A: Dune (2021) (Action|Adventure|Drama|Sci-Fi), average rating 4.02/5 (177 ratings)
- Movie B: In Bruges (2008) (Comedy|Crime|Drama|Thriller), average rating 3.95/5 (511 ratings)

TASK: Predict which movie Person 1 would rate higher. Explain your reasoning in 1 sentence. Then conclude with exactly 'PREDICTION: 1' (Movie A) or 'PREDICTION: 0' (Movie B).","You predicted Person 1's movie preference above.
TASK: Should we implement your prediction, or escalate to Person 1?
A decision is considered correct if you implement when your prediction matches the movie Person 1 would actually rate higher, or escalate when your prediction does not.
Explain your reasoning in 1-2 sentences, then conclude with exactly 'DECISION: 0' (implement) or 'DECISION: 1' (escalate).","Person 1 has a strong preference for high-rated action, adventure, and drama films (e.g., Lord of the Rings, Goodfellas, Taken), and Dune (2021) aligns more closely with their taste in epic, visually driven genres than the darker, dialogue-heavy comedy-crime blend of In Bruges.  
PREDICTION: 1","While Dune aligns with Person 1’s taste for epic action-adventure and high ratings, In Bruges’ crime-drama-comedy mix may still resonate given their high ratings for Goodfellas and Taken—both of which blend crime and tension with nuanced storytelling. The average ratings are very close, and personal preference for tone could swing either way, making uncertainty high.  
DECISION: 1",,,2026-03-16T18:48:58.994318
avg_diff_005_015,0,1,0,1,"Person 1 has reviewed the following movies:

- My Cousin Vinny (1992) (Comedy): Rated 4.0/5
- Forrest Gump (1994) (Comedy|Drama|Romance|War): Rated 4.5/5
- Green Mile, The (1999) (Crime|Drama): Rated 3.5/5
- V for Vendetta (2006) (Action|Sci-Fi|Thriller|IMAX): Rated 4.5/5
- Pulp Fiction (1994) (Comedy|Crime|Drama|Thriller): Rated 4.5/5

Consider these two movies they have not seen:

- Movie A: Mr. Holland's Opus (1995) (Drama), average rating 3.73/5 (650 ratings)
- Movie B: Jerry Maguire (1996) (Drama|Romance), average rating 3.67/5 (832 ratings)

TASK: Predict which movie Person 1 would rate higher. Explain your reasoning in 1 sentence. Then conclude with exactly 'PREDICTION: 1' (Movie A) or 'PREDICTION: 0' (Movie B).","You predicted Person 1's movie preference above.
TASK: Should we implement your prediction, or escalate to Person 1?
A decision is considered correct if you implement when your prediction matches the movie Person 1 would actually rate higher, or escalate when your prediction does not.
Explain your reasoning in 1-2 sentences, then conclude with exactly 'DECISION: 0' (implement) or 'DECISION: 1' (escalate).","Person 1 consistently rates films with strong emotional depth and compelling narratives highly (e.g., Forrest Gump, The Green Mile, Pulp Fiction, V for Vendetta), and while both movies are dramas, Mr. Holland’s Opus aligns more closely with the inspirational, character-driven tone of their top-rated films like Forrest Gump, making it more likely to resonate with them.  
PREDICTION: 1","While my prediction is grounded in thematic alignment with Person 1’s high-rated films, the average ratings for both movies are very close (3.73 vs. 3.67), and Person 1 has shown preference for films with genre blends (e.g., comedy-drama, thriller-drama), which Jerry Maguire has (Drama|Romance) but Mr. Holland’s Opus lacks—making the preference less certain. Given the narrow margin and potential for nuanced taste, it’s safer to escalate.  
DECISION: 1",,,2026-03-16T18:48:59.332934
avg_diff_005_015,1,0,0,1,"Person 1 has reviewed the following movies:

- Ponyo (Gake no ue no Ponyo) (2008) (Adventure|Animation|Children|Fantasy): Rated 3.5/5
- Spirited Away (Sen to Chihiro no kamikakushi) (2001) (Adventure|Animation|Fantasy): Rated 4.5/5
- Wallace & Gromit: A Close Shave (1995) (Animation|Children|Comedy): Rated 3.0/5
- Princess Bride, The (1987) (Action|Adventure|Comedy|Fantasy|Romance): Rated 3.0/5
- Eternal Sunshine of the Spotless Mind (2004) (Drama|Romance|Sci-Fi): Rated 3.5/5

Consider these two movies they have not seen:

- Movie A: Pulp Fiction (1994) (Comedy|Crime|Drama|Thriller), average rating 4.18/5 (3047 ratings)
- Movie B: Star Wars: Episode V - The Empire Strikes Back (1980) (Action|Adventure|Sci-Fi), average rating 4.10/5 (2250 ratings)

TASK: Predict which movie Person 1 would rate higher. Explain your reasoning in 1 sentence. Then conclude with exactly 'PREDICTION: 1' (Movie A) or 'PREDICTION: 0' (Movie B).","You predicted Person 1's movie preference above.
TASK: Should we implement your prediction, or escalate to Person 1?
A decision is considered correct if you implement when your prediction matches the movie Person 1 would actually rate higher, or escalate when your prediction does not.
Explain your reasoning in 1-2 sentences, then conclude with exactly 'DECISION: 0' (implement) or 'DECISION: 1' (escalate).","Person 1 has a strong preference for animated, fantasy-adventure films with emotional depth (evidenced by high ratings for Spirited Away and Ponyo) and lower ratings for non-animated genres like crime or action-heavy sci-fi, making them more likely to prefer the whimsical, character-driven charm of Studio Ghibli-style storytelling over Pulp Fiction’s gritty realism—so they’d likely rate Star Wars: The Empire Strikes Back higher due to its adventure and fantasy elements aligning better with their tastes.  
PREDICTION: 0","While my prediction leans on genre alignment, Person 1’s low ratings for non-animated adventure/fantasy films like The Princess Bride (3.0) suggest they may not strongly favor live-action sci-fi either, and Pulp Fiction’s cult status and narrative depth might resonate more than expected—making the prediction uncertain.  
DECISION: 1",,,2026-03-16T18:49:00.021875
avg_diff_005_015,0,0,1,1,"Person 1 has reviewed the following movies:

- Big Daddy (1999) (Comedy): Rated 4.0/5
- Crash (1996) (Drama|Thriller): Rated 1.0/5
- Never Been Kissed (1999) (Comedy|Romance): Rated 2.0/5
- Muppets From Space (1999) (Children|Comedy): Rated 2.0/5
- Cruel Intentions (1999) (Drama): Rated 2.0/5

Consider these two movies they have not seen:

- Movie A: 54 (1998) (Drama), average rating 2.97/5 (72 ratings)
- Movie B: Arachnophobia (1990) (Comedy|Horror), average rating 2.85/5 (439 ratings)

TASK: Predict which movie Person 1 would rate higher. Explain your reasoning in 1 sentence. Then conclude with exactly 'PREDICTION: 1' (Movie A) or 'PREDICTION: 0' (Movie B).","You predicted Person 1's movie preference above.
TASK: Should we implement your prediction, or escalate to Person 1?
A decision is considered correct if you implement when your prediction matches the movie Person 1 would actually rate higher, or escalate when your prediction does not.
Explain your reasoning in 1-2 sentences, then conclude with exactly 'DECISION: 0' (implement) or 'DECISION: 1' (escalate).","Person 1 consistently gave low ratings to dramas and mixed-genre films with dark or awkward tones (e.g., Crash, Cruel Intentions, Never Been Kissed), and while both movies have mediocre average ratings, Movie B (Arachnophobia) is a comedy-horror — a genre blend Person 1 has shown slight tolerance for (e.g., Muppets From Space, Big Daddy), making it slightly more likely to align with their taste than the pure drama of Movie A.  
PREDICTION: 0","While my prediction leans toward Arachnophobia (Movie B) due to its comedy element, Person 1’s low ratings for nearly all films (especially those with dark or awkward tones) suggest high inconsistency or skepticism toward mainstream ratings — making it risky to assume genre alone predicts their preference. Without clearer alignment to their known tastes, escalation ensures accuracy.  
DECISION: 1",,,2026-03-16T18:49:01.205738
avg_diff_005_015,1,1,1,0,"Person 1 has reviewed the following movies:

- Kung Fu Panda 2 (2011) (Action|Adventure|Animation|Children|Comedy|IMAX): Rated 3.5/5
- Frozen (2013) (Adventure|Animation|Comedy|Fantasy|Musical|Romance): Rated 5.0/5
- Bourne Ultimatum, The (2007) (Action|Crime|Thriller): Rated 4.0/5
- Guardians of the Galaxy (2014) (Action|Adventure|Sci-Fi): Rated 3.5/5
- Dark Knight, The (2008) (Action|Crime|Drama|IMAX): Rated 5.0/5

Consider these two movies they have not seen:

- Movie A: Despicable Me (2010) (Animation|Children|Comedy|Crime), average rating 3.66/5 (450 ratings)
- Movie B: Tenet (2020) (Action|Thriller), average rating 3.57/5 (141 ratings)

TASK: Predict which movie Person 1 would rate higher. Explain your reasoning in 1 sentence. Then conclude with exactly 'PREDICTION: 1' (Movie A) or 'PREDICTION: 0' (Movie B).","You predicted Person 1's movie preference above.
TASK: Should we implement your prediction, or escalate to Person 1?
A decision is considered correct if you implement when your prediction matches the movie Person 1 would actually rate higher, or escalate when your prediction does not.
Explain your reasoning in 1-2 sentences, then conclude with exactly 'DECISION: 0' (implement) or 'DECISION: 1' (escalate).","Person 1 has a strong preference for animated family films (e.g., rated Frozen and Kung Fu Panda 2 highly) and action-packed blockbusters with high emotional or visual impact (e.g., The Dark Knight and Bourne Ultimatum), making them more likely to enjoy Despicable Me’s animated comedy style than Tenet’s complex, cold thriller tone.  
PREDICTION: 1","Person 1 consistently rates animated family films highly (5.0 for Frozen, 3.5 for Kung Fu Panda 2), and Despicable Me fits that pattern better than Tenet, which lacks the emotional or visual flair of their top-rated action films like The Dark Knight. The average ratings and genre alignment support the prediction, so it’s reliable.  
DECISION: 0",,,2026-03-16T18:49:01.225857
avg_diff_005_015,1,0,0,1,"Person 1 has reviewed the following movies:

- Courage Under Fire (1996) (Action|Crime|Drama|War): Rated 4.0/5
- E.T. the Extra-Terrestrial (1982) (Children|Drama|Sci-Fi): Rated 3.5/5
- Lives of Others, The (Das leben der Anderen) (2006) (Drama|Romance|Thriller): Rated 5.0/5
- Amazing Grace (2006) (Drama|Romance): Rated 4.5/5
- Hunt, The (Jagten) (2012) (Drama): Rated 5.0/5

Consider these two movies they have not seen:

- Movie A: Pretty Woman (1990) (Comedy|Romance), average rating 3.45/5 (1201 ratings)
- Movie B: Disturbia (2007) (Drama|Thriller), average rating 3.33/5 (101 ratings)

TASK: Predict which movie Person 1 would rate higher. Explain your reasoning in 1 sentence. Then conclude with exactly 'PREDICTION: 1' (Movie A) or 'PREDICTION: 0' (Movie B).","You predicted Person 1's movie preference above.
TASK: Should we implement your prediction, or escalate to Person 1?
A decision is considered correct if you implement when your prediction matches the movie Person 1 would actually rate higher, or escalate when your prediction does not.
Explain your reasoning in 1-2 sentences, then conclude with exactly 'DECISION: 0' (implement) or 'DECISION: 1' (escalate).","Person 1 has a strong preference for intense, emotionally layered dramas (e.g., The Lives of Others, The Hunt) and higher-rated character-driven films, making them more likely to resonate with the tense, psychological drama of Disturbia than the lighthearted romance of Pretty Woman, despite its lower average rating.  
PREDICTION: 0","While Disturbia’s thriller/drama elements align with Person 1’s taste for intense dramas like The Hunt and The Lives of Others, its low average rating and mainstream, suspense-driven plot may not match their preference for nuanced, morally complex storytelling — and without knowing their specific tolerance for genre tropes, there’s uncertainty.  
DECISION: 1",,,2026-03-16T18:49:01.249857
avg_diff_005_015,0,1,0,1,"Person 1 has reviewed the following movies:

- About Time (2013) (Drama|Fantasy|Romance): Rated 4.5/5
- Eastern Promises (2007) (Crime|Drama|Thriller): Rated 4.0/5
- American History X (1998) (Crime|Drama): Rated 5.0/5
- Up (2009) (Adventure|Animation|Children|Drama): Rated 4.5/5
- Edge of Tomorrow (2014) (Action|Sci-Fi|IMAX): Rated 4.5/5

Consider these two movies they have not seen:

- Movie A: Ferris Bueller's Day Off (1986) (Comedy), average rating 3.90/5 (975 ratings)
- Movie B: District 9 (2009) (Mystery|Sci-Fi|Thriller), average rating 3.81/5 (782 ratings)

TASK: Predict which movie Person 1 would rate higher. Explain your reasoning in 1 sentence. Then conclude with exactly 'PREDICTION: 1' (Movie A) or 'PREDICTION: 0' (Movie B).","You predicted Person 1's movie preference above.
TASK: Should we implement your prediction, or escalate to Person 1?
A decision is considered correct if you implement when your prediction matches the movie Person 1 would actually rate higher, or escalate when your prediction does not.
Explain your reasoning in 1-2 sentences, then conclude with exactly 'DECISION: 0' (implement) or 'DECISION: 1' (escalate).","Person 1 consistently rates emotionally resonant, thematically rich films with high marks (e.g., *American History X*, *About Time*, *Up*), and while *Ferris Bueller’s Day Off* is a lighthearted comedy with a lower average rating, its cult status and themes of rebellion and freedom align better with Person 1’s taste for nuanced storytelling than *District 9*’s gritty sci-fi thriller tone, which lacks the emotional depth they favor.  
PREDICTION: 1","While my prediction is based on thematic alignment with Person 1’s high-rated films, the average ratings of both movies are very close and below Person 1’s typical thresholds, suggesting their personal taste may diverge unpredictably from general consensus—especially since comedy is underrepresented in their history. Without stronger evidence of their affinity for 80s comedies, it’s safer to escalate.  
DECISION: 1",,,2026-03-16T18:49:02.585740
avg_diff_005_015,1,0,0,0,"Person 1 has reviewed the following movies:

- Campaign, The (2012) (Comedy): Rated 4.5/5
- Django Unchained (2012) (Action|Drama|Western): Rated 4.5/5
- Harry Potter and the Prisoner of Azkaban (2004) (Adventure|Fantasy|IMAX): Rated 4.0/5
- Harry Potter and the Deathly Hallows: Part 1 (2010) (Action|Adventure|Fantasy|IMAX): Rated 3.5/5
- Batman Begins (2005) (Action|Crime|IMAX): Rated 4.0/5

Consider these two movies they have not seen:

- Movie A: Kingsman: The Secret Service (2015) (Action|Adventure|Comedy|Crime), average rating 3.83/5 (496 ratings)
- Movie B: Harry Potter and the Order of the Phoenix (2007) (Adventure|Drama|Fantasy|IMAX), average rating 3.76/5 (662 ratings)

TASK: Predict which movie Person 1 would rate higher. Explain your reasoning in 1 sentence. Then conclude with exactly 'PREDICTION: 1' (Movie A) or 'PREDICTION: 0' (Movie B).","You predicted Person 1's movie preference above.
TASK: Should we implement your prediction, or escalate to Person 1?
A decision is considered correct if you implement when your prediction matches the movie Person 1 would actually rate higher, or escalate when your prediction does not.
Explain your reasoning in 1-2 sentences, then conclude with exactly 'DECISION: 0' (implement) or 'DECISION: 1' (escalate).","Person 1 consistently rates Harry Potter films highly (especially earlier entries), and while Movie B is another HP film with slightly lower average ratings, it aligns with their proven preference for the franchise over the more generic action-comedy of Movie A.  
PREDICTION: 0","Person 1 rated earlier Harry Potter films very highly (4.0–4.5), and while Order of the Phoenix has a slightly lower average rating, it’s part of the same beloved franchise they clearly favor—making it more likely they’d rate it higher than Kingsman, which is outside their known taste profile. My prediction is well-supported.  
DECISION: 0",,,2026-03-16T18:49:03.757631
avg_diff_005_015,1,1,1,1,"Person 1 has reviewed the following movies:

- Casablanca (1942) (Drama|Romance): Rated 2.5/5
- Journey to the Center of the Earth (1959) (Adventure|Children|Sci-Fi): Rated 4.0/5
- Grand Hotel (1932) (Drama|Romance): Rated 3.5/5
- 2046 (2004) (Drama|Fantasy|Romance|Sci-Fi): Rated 3.0/5
- For Your Eyes Only (1981) (Action|Adventure|Thriller): Rated 4.5/5

Consider these two movies they have not seen:

- Movie A: Star Wars: Episode IV - A New Hope (1977) (Action|Adventure|Sci-Fi), average rating 4.09/5 (2635 ratings)
- Movie B: Terminator 2: Judgment Day (1991) (Action|Sci-Fi), average rating 3.95/5 (2136 ratings)

TASK: Predict which movie Person 1 would rate higher. Explain your reasoning in 1 sentence. Then conclude with exactly 'PREDICTION: 1' (Movie A) or 'PREDICTION: 0' (Movie B).","You predicted Person 1's movie preference above.
TASK: Should we implement your prediction, or escalate to Person 1?
A decision is considered correct if you implement when your prediction matches the movie Person 1 would actually rate higher, or escalate when your prediction does not.
Explain your reasoning in 1-2 sentences, then conclude with exactly 'DECISION: 0' (implement) or 'DECISION: 1' (escalate).","Person 1 has a strong preference for high-rated action-adventure films (e.g., For Your Eyes Only at 4.5) and enjoys sci-fi elements (e.g., Journey to the Center of the Earth at 4.0), making them more likely to favor the iconic, action-packed Star Wars: Episode IV over Terminator 2 despite similar average ratings.  
PREDICTION: 1","While the prediction is logically grounded in Person 1’s demonstrated taste for action-adventure and sci-fi, their ratings show high variability (e.g., 2.5 for Casablanca, 4.5 for For Your Eyes Only), suggesting subjective or idiosyncratic preferences that average ratings may not capture—so it’s safer to confirm directly.  
DECISION: 1",,,2026-03-16T18:49:03.772254
avg_diff_005_015,0,1,0,0,"Person 1 has reviewed the following movies:

- Predestination (2014) (Action|Mystery|Sci-Fi|Thriller): Rated 4.0/5
- American Sniper (2014) (Action|War): Rated 4.0/5
- Life Is Beautiful (La Vita è bella) (1997) (Comedy|Drama|Romance|War): Rated 5.0/5
- Babel (2006) (Drama|Thriller): Rated 5.0/5
- Room, The (2003) (Comedy|Drama|Romance): Rated 2.5/5

Consider these two movies they have not seen:

- Movie A: Her (2013) (Drama|Romance|Sci-Fi), average rating 3.92/5 (527 ratings)
- Movie B: Equalizer, The (2014) (Action|Crime|Thriller), average rating 3.83/5 (158 ratings)

TASK: Predict which movie Person 1 would rate higher. Explain your reasoning in 1 sentence. Then conclude with exactly 'PREDICTION: 1' (Movie A) or 'PREDICTION: 0' (Movie B).","You predicted Person 1's movie preference above.
TASK: Should we implement your prediction, or escalate to Person 1?
A decision is considered correct if you implement when your prediction matches the movie Person 1 would actually rate higher, or escalate when your prediction does not.
Explain your reasoning in 1-2 sentences, then conclude with exactly 'DECISION: 0' (implement) or 'DECISION: 1' (escalate).","Person 1 has a strong preference for emotionally complex dramas with thematic depth (e.g., Life Is Beautiful, Babel) and has shown lower tolerance for lighter romantic comedies (e.g., Room, The), making Her — with its introspective drama, romance, and sci-fi elements — more aligned with their tastes than the action-driven The Equalizer.  
PREDICTION: 1","The prediction is grounded in Person 1’s clear affinity for emotionally rich, thematically layered dramas like Life Is Beautiful and Babel, which align more closely with Her’s tone and genre than The Equalizer’s conventional action-thriller formula. While average ratings are similar, personal taste patterns suggest high confidence in the prediction.  
DECISION: 0",,,2026-03-16T18:49:04.006116
avg_diff_005_015,0,1,0,0,"Person 1 has reviewed the following movies:

- Incredibles, The (2004) (Action|Adventure|Animation|Children|Comedy): Rated 4.5/5
- Guardians of the Galaxy 2 (2017) (Action|Adventure|Sci-Fi): Rated 2.5/5
- Eternal Sunshine of the Spotless Mind (2004) (Drama|Romance|Sci-Fi): Rated 2.5/5
- Shawshank Redemption, The (1994) (Crime|Drama): Rated 3.5/5
- Wreck-It Ralph (2012) (Animation|Comedy): Rated 4.5/5

Consider these two movies they have not seen:

- Movie A: Shrek (2001) (Adventure|Animation|Children|Comedy|Fantasy|Romance), average rating 3.76/5 (1695 ratings)
- Movie B: The Lego Movie (2014) (Action|Adventure|Animation|Children|Comedy|Fantasy), average rating 3.69/5 (298 ratings)

TASK: Predict which movie Person 1 would rate higher. Explain your reasoning in 1 sentence. Then conclude with exactly 'PREDICTION: 1' (Movie A) or 'PREDICTION: 0' (Movie B).","You predicted Person 1's movie preference above.
TASK: Should we implement your prediction, or escalate to Person 1?
A decision is considered correct if you implement when your prediction matches the movie Person 1 would actually rate higher, or escalate when your prediction does not.
Explain your reasoning in 1-2 sentences, then conclude with exactly 'DECISION: 0' (implement) or 'DECISION: 1' (escalate).","Person 1 gave high ratings (4.5/5) to other animated, family-friendly comedies like *Incredibles* and *Wreck-It Ralph*, and despite *Shrek* having a slightly higher average rating than *The Lego Movie*, its inclusion of Romance and Fantasy aligns more closely with the tone and genre blend of the films Person 1 loved, making it more likely to be preferred.  
PREDICTION: 1","Person 1’s high ratings for *Incredibles* and *Wreck-It Ralph* strongly suggest a preference for upbeat, visually inventive animated comedies with strong emotional arcs — a profile that fits *Shrek* more than *The Lego Movie*, which, despite its popularity, has a more meta and satirical tone that may not resonate as well given Person 1’s low ratings for *Guardians of the Galaxy 2* and *Eternal Sunshine*, suggesting they may not favor overly quirky or cerebral animations.  
DECISION: 0",,,2026-03-16T18:49:04.562654
avg_diff_005_015,1,0,0,1,"Person 1 has reviewed the following movies:

- Collateral (2004) (Action|Crime|Drama|Thriller): Rated 3.5/5
- Analyze This (1999) (Comedy): Rated 4.0/5
- Shrek 2 (2004) (Adventure|Animation|Children|Comedy|Musical|Romance): Rated 4.0/5
- Big (1988) (Comedy|Drama|Fantasy|Romance): Rated 4.5/5
- Gone in 60 Seconds (2000) (Action|Crime): Rated 0.5/5

Consider these two movies they have not seen:

- Movie A: Crouching Tiger, Hidden Dragon (Wo hu cang long) (2000) (Action|Drama|Romance), average rating 3.78/5 (962 ratings)
- Movie B: Garden State (2004) (Comedy|Drama|Romance), average rating 3.69/5 (428 ratings)

TASK: Predict which movie Person 1 would rate higher. Explain your reasoning in 1 sentence. Then conclude with exactly 'PREDICTION: 1' (Movie A) or 'PREDICTION: 0' (Movie B).","You predicted Person 1's movie preference above.
TASK: Should we implement your prediction, or escalate to Person 1?
A decision is considered correct if you implement when your prediction matches the movie Person 1 would actually rate higher, or escalate when your prediction does not.
Explain your reasoning in 1-2 sentences, then conclude with exactly 'DECISION: 0' (implement) or 'DECISION: 1' (escalate).","Person 1 has a strong preference for comedies and high-rated emotional films (e.g., Big at 4.5, Shrek 2 at 4.0), and while both movies are dramas with romance, Garden State’s comedic elements and indie tone align better with their taste than Crouching Tiger’s martial arts drama, which they’ve previously disliked in action/crime form (Gone in 60 Seconds at 0.5).  
PREDICTION: 0","While my prediction is based on genre preferences and past ratings, Person 1’s low rating for Gone in 60 Seconds suggests strong aversion to action/crime, and Crouching Tiger, despite its drama/romance, is still an action-heavy foreign film—potentially outside their comfort zone—whereas Garden State’s indie, emotional comedy-drama aligns more closely with Big and Shrek 2. However, without explicit confirmation of their taste in foreign films or indie dramas, there’s non-trivial uncertainty.  
DECISION: 1",,,2026-03-16T18:49:05.079789
avg_diff_005_015,1,1,1,0,"Person 1 has reviewed the following movies:

- Usual Suspects, The (1995) (Crime|Mystery|Thriller): Rated 5.0/5
- Hilary and Jackie (1998) (Drama): Rated 4.0/5
- Rushmore (1998) (Comedy|Drama): Rated 5.0/5
- Kolya (Kolja) (1996) (Comedy|Drama): Rated 5.0/5
- Thin Red Line, The (1998) (Action|Drama|War): Rated 2.0/5

Consider these two movies they have not seen:

- Movie A: Happiness (1998) (Comedy|Drama), average rating 3.83/5 (154 ratings)
- Movie B: Go (1999) (Comedy|Crime), average rating 3.73/5 (254 ratings)

TASK: Predict which movie Person 1 would rate higher. Explain your reasoning in 1 sentence. Then conclude with exactly 'PREDICTION: 1' (Movie A) or 'PREDICTION: 0' (Movie B).","You predicted Person 1's movie preference above.
TASK: Should we implement your prediction, or escalate to Person 1?
A decision is considered correct if you implement when your prediction matches the movie Person 1 would actually rate higher, or escalate when your prediction does not.
Explain your reasoning in 1-2 sentences, then conclude with exactly 'DECISION: 0' (implement) or 'DECISION: 1' (escalate).","Person 1 consistently rates dramas and comedies highly (e.g., Rushmore, Kolya, Hilary and Jackie) and has a strong preference for nuanced, character-driven stories, making them more likely to resonate with the dark comedy-drama Happiness than the fast-paced, ensemble crime-comedy Go.  
PREDICTION: 1","Person 1’s high ratings for emotionally complex comedies/dramas like Rushmore and Kolya suggest a clear preference for introspective, character-driven narratives—Happiness fits this pattern better than Go’s chaotic, genre-blending style. While average ratings are close, their personal taste aligns more strongly with Happiness, making the prediction reliable.  
DECISION: 0",,,2026-03-16T18:49:05.166696
avg_diff_005_015,1,1,1,0,"Person 1 has reviewed the following movies:

- Guinevere (1999) (Drama|Romance): Rated 2.0/5
- Mystery, Alaska (1999) (Comedy|Drama): Rated 3.0/5
- Black Cat, White Cat (Crna macka, beli macor) (1998) (Comedy|Romance): Rated 4.0/5
- Raise the Red Lantern (Da hong deng long gao gao gua) (1991) (Drama): Rated 3.0/5
- Joe the King (1999) (Crime|Drama): Rated 4.0/5

Consider these two movies they have not seen:

- Movie A: Better Than Chocolate (1999) (Comedy|Romance), average rating 3.48/5 (20 ratings)
- Movie B: Arlington Road (1999) (Thriller), average rating 3.40/5 (233 ratings)

TASK: Predict which movie Person 1 would rate higher. Explain your reasoning in 1 sentence. Then conclude with exactly 'PREDICTION: 1' (Movie A) or 'PREDICTION: 0' (Movie B).","You predicted Person 1's movie preference above.
TASK: Should we implement your prediction, or escalate to Person 1?
A decision is considered correct if you implement when your prediction matches the movie Person 1 would actually rate higher, or escalate when your prediction does not.
Explain your reasoning in 1-2 sentences, then conclude with exactly 'DECISION: 0' (implement) or 'DECISION: 1' (escalate).","Person 1 has a clear preference for Romance and Comedy genres (rating both 4.0) and lower ratings for pure Drama or Crime, making them more likely to enjoy Better Than Chocolate (Comedy|Romance) over Arlington Road (Thriller).  
PREDICTION: 1","Person 1’s past ratings show strong alignment with Comedy-Romance films (4.0 for Black Cat, White Cat) and lower interest in non-romantic genres like Thriller, making the prediction logically sound based on genre preference and rating patterns. Since the prediction is well-supported by their stated tastes, there’s no need for escalation.  
DECISION: 0",,,2026-03-16T18:49:05.363393
avg_diff_005_015,0,0,1,1,"Person 1 has reviewed the following movies:

- Stardust (2007) (Adventure|Comedy|Fantasy|Romance): Rated 4.0/5
- Beverly Hills Cop (1984) (Action|Comedy|Crime|Drama): Rated 4.0/5
- Rocketeer, The (1991) (Action|Adventure|Sci-Fi): Rated 4.0/5
- X-Men (2000) (Action|Adventure|Sci-Fi): Rated 3.0/5
- Shrek (2001) (Adventure|Animation|Children|Comedy|Fantasy|Romance): Rated 4.0/5

Consider these two movies they have not seen:

- Movie A: Pitch Black (2000) (Horror|Sci-Fi|Thriller), average rating 3.54/5 (368 ratings)
- Movie B: Batman (1989) (Action|Crime|Thriller), average rating 3.40/5 (1526 ratings)

TASK: Predict which movie Person 1 would rate higher. Explain your reasoning in 1 sentence. Then conclude with exactly 'PREDICTION: 1' (Movie A) or 'PREDICTION: 0' (Movie B).","You predicted Person 1's movie preference above.
TASK: Should we implement your prediction, or escalate to Person 1?
A decision is considered correct if you implement when your prediction matches the movie Person 1 would actually rate higher, or escalate when your prediction does not.
Explain your reasoning in 1-2 sentences, then conclude with exactly 'DECISION: 0' (implement) or 'DECISION: 1' (escalate).","Person 1 consistently rates action-adventure and sci-fi films with fantasy or comedic elements highly (4.0/5), and while both movies are sci-fi/action, Movie A (Pitch Black) leans into horror/thriller tones that don’t align with their preference for lighter, adventurous sci-fi like The Rocketeer and X-Men, whereas Movie B (Batman 1989) fits their taste for action-crime with a darker but still heroic tone similar to Beverly Hills Cop and The Rocketeer.  
PREDICTION: 0","While my prediction is grounded in Person 1’s documented preference for action-adventure-sci-fi with upbeat or heroic tones, Batman (1989)’s darker, grittier tone may not align as well as Pitch Black’s intense sci-fi survival theme—especially since they rated X-Men (2000) lower (3.0/5), suggesting possible skepticism toward darker superhero films. Without clearer alignment to their pattern, it’s safer to escalate.  
DECISION: 1",,,2026-03-16T18:49:05.561788
avg_diff_005_015,1,0,0,0,"Person 1 has reviewed the following movies:

- Monsters, Inc. (2001) (Adventure|Animation|Children|Comedy|Fantasy): Rated 2.5/5
- Harry Potter and the Chamber of Secrets (2002) (Adventure|Fantasy): Rated 4.5/5
- Avengers: Infinity War - Part II (2019) (Action|Adventure|Sci-Fi): Rated 5.0/5
- Star Wars: Episode III - Revenge of the Sith (2005) (Action|Adventure|Sci-Fi): Rated 5.0/5
- Finding Nemo (2003) (Adventure|Animation|Children|Comedy): Rated 1.5/5

Consider these two movies they have not seen:

- Movie A: Harry Potter and the Half-Blood Prince (2009) (Adventure|Fantasy|Mystery|Romance|IMAX), average rating 3.82/5 (680 ratings)
- Movie B: Harry Potter and the Sorcerer's Stone (a.k.a. Harry Potter and the Philosopher's Stone) (2001) (Adventure|Children|Fantasy), average rating 3.72/5 (1103 ratings)

TASK: Predict which movie Person 1 would rate higher. Explain your reasoning in 1 sentence. Then conclude with exactly 'PREDICTION: 1' (Movie A) or 'PREDICTION: 0' (Movie B).","You predicted Person 1's movie preference above.
TASK: Should we implement your prediction, or escalate to Person 1?
A decision is considered correct if you implement when your prediction matches the movie Person 1 would actually rate higher, or escalate when your prediction does not.
Explain your reasoning in 1-2 sentences, then conclude with exactly 'DECISION: 0' (implement) or 'DECISION: 1' (escalate).","Person 1 rated Harry Potter and the Chamber of Secrets (2002) very highly (4.5/5), suggesting a strong preference for the Harry Potter series, and since Movie B is the first film in the series—likely setting the tone and style that led to their high rating of the second film—it is more likely to be rated higher than the sixth film (Movie A), which may feel more mature or less magical in comparison.  
PREDICTION: 0","Person 1 gave a very high rating (4.5/5) to the second Harry Potter film, which suggests they enjoyed the series, but their low rating of Finding Nemo (1.5/5) indicates possible sensitivity to animation style or tone—yet both Harry Potter films are live-action, so that’s not a conflict. Since Movie B is the origin of the series and often resonates most with fans, and Person 1’s high rating of Chamber of Secrets implies they likely appreciated the foundational tone of the first film, the prediction is logically sound.  
DECISION: 0",,,2026-03-16T18:49:05.794750
avg_diff_005_015,1,1,1,1,"Person 1 has reviewed the following movies:

- Sixth Sense, The (1999) (Drama|Horror|Mystery): Rated 3.5/5
- Lord of the Rings: The Fellowship of the Ring, The (2001) (Adventure|Fantasy): Rated 3.5/5
- Silver Linings Playbook (2012) (Comedy|Drama): Rated 3.0/5
- Downfall (Untergang, Der) (2004) (Drama|War): Rated 4.0/5
- Cinderella Man (2005) (Drama|Romance): Rated 3.5/5

Consider these two movies they have not seen:

- Movie A: Halloween (1978) (Horror), average rating 3.64/5 (281 ratings)
- Movie B: I Am Legend (2007) (Action|Horror|Sci-Fi|Thriller|IMAX), average rating 3.54/5 (644 ratings)

TASK: Predict which movie Person 1 would rate higher. Explain your reasoning in 1 sentence. Then conclude with exactly 'PREDICTION: 1' (Movie A) or 'PREDICTION: 0' (Movie B).","You predicted Person 1's movie preference above.
TASK: Should we implement your prediction, or escalate to Person 1?
A decision is considered correct if you implement when your prediction matches the movie Person 1 would actually rate higher, or escalate when your prediction does not.
Explain your reasoning in 1-2 sentences, then conclude with exactly 'DECISION: 0' (implement) or 'DECISION: 1' (escalate).","Person 1 has shown a preference for emotionally intense, dramatic films with strong narratives (e.g., Downfall, Sixth Sense) and has rated horror elements positively when paired with drama/mystery, making Halloween (1978) — a foundational, atmospheric horror with psychological tension — more aligned with their taste than the action/sci-fi dominated I Am Legend.  
PREDICTION: 1","While my prediction is grounded in Person 1’s demonstrated preference for atmospheric, drama-infused horror (e.g., The Sixth Sense, Downfall), the actual preference between Halloween and I Am Legend cannot be confirmed without direct feedback, as both films diverge from their known tastes in different ways—Halloween is minimalist horror, while I Am Legend adds sci-fi action they haven’t engaged with before. To ensure accuracy, it’s safer to escalate.  
DECISION: 1",,,2026-03-16T18:49:05.838230
avg_diff_005_015,1,1,1,0,"Person 1 has reviewed the following movies:

- Pursuit of Happyness, The (2006) (Drama): Rated 5.0/5
- Dark Knight, The (2008) (Action|Crime|Drama|IMAX): Rated 5.0/5
- Sixth Sense, The (1999) (Drama|Horror|Mystery): Rated 4.0/5
- We're the Millers (2013) (Comedy|Crime): Rated 5.0/5
- Now You See Me (2013) (Crime|Mystery|Thriller): Rated 5.0/5

Consider these two movies they have not seen:

- Movie A: Shutter Island (2010) (Drama|Mystery|Thriller), average rating 4.03/5 (927 ratings)
- Movie B: Chak De India! (2007) (Drama), average rating 3.92/5 (13 ratings)

TASK: Predict which movie Person 1 would rate higher. Explain your reasoning in 1 sentence. Then conclude with exactly 'PREDICTION: 1' (Movie A) or 'PREDICTION: 0' (Movie B).","You predicted Person 1's movie preference above.
TASK: Should we implement your prediction, or escalate to Person 1?
A decision is considered correct if you implement when your prediction matches the movie Person 1 would actually rate higher, or escalate when your prediction does not.
Explain your reasoning in 1-2 sentences, then conclude with exactly 'DECISION: 0' (implement) or 'DECISION: 1' (escalate).","Person 1 consistently rates high-quality dramas and thrillers with mystery elements highly (e.g., The Sixth Sense, Now You See Me, The Dark Knight), and Shutter Island aligns closely with those genres and has a stronger consensus rating, making it more likely to be rated higher than the low-sample, purely dramatic Chak De India!.  
PREDICTION: 1","Person 1’s pattern shows strong preference for psychologically intense, genre-blending films with high ratings (e.g., The Sixth Sense, The Dark Knight), and Shutter Island fits this profile perfectly—both in genre and critical reception—while Chak De India!, though a drama, lacks the mystery/thriller elements Person 1 consistently rewards and has negligible review volume, making it a poor match.  
DECISION: 0",,,2026-03-16T18:49:06.454710
avg_diff_005_015,1,0,0,0,"Person 1 has reviewed the following movies:

- Enemy of the State (1998) (Action|Thriller): Rated 3.0/5
- Groundhog Day (1993) (Comedy|Fantasy|Romance): Rated 4.0/5
- E.T. the Extra-Terrestrial (1982) (Children|Drama|Sci-Fi): Rated 4.0/5
- Being John Malkovich (1999) (Comedy|Drama|Fantasy): Rated 4.0/5
- Star Wars: Episode IV - A New Hope (1977) (Action|Adventure|Sci-Fi): Rated 5.0/5

Consider these two movies they have not seen:

- Movie A: Braveheart (1995) (Action|Drama|War), average rating 4.00/5 (2161 ratings)
- Movie B: Ferris Bueller's Day Off (1986) (Comedy), average rating 3.90/5 (975 ratings)

TASK: Predict which movie Person 1 would rate higher. Explain your reasoning in 1 sentence. Then conclude with exactly 'PREDICTION: 1' (Movie A) or 'PREDICTION: 0' (Movie B).","You predicted Person 1's movie preference above.
TASK: Should we implement your prediction, or escalate to Person 1?
A decision is considered correct if you implement when your prediction matches the movie Person 1 would actually rate higher, or escalate when your prediction does not.
Explain your reasoning in 1-2 sentences, then conclude with exactly 'DECISION: 0' (implement) or 'DECISION: 1' (escalate).","Person 1 consistently rates comedies and heartwarming, imaginative films highly (e.g., Groundhog Day, E.T., Being John Malkovich), and while both movies have similar average ratings, Ferris Bueller’s Day Off aligns more closely with their preference for clever, uplifting comedies over the grim historical war drama of Braveheart.  
PREDICTION: 0","Person 1’s high ratings for whimsical, character-driven comedies like Groundhog Day and Being John Malkovich strongly suggest a preference for Ferris Bueller’s Day Off over the intense, serious tone of Braveheart—making the prediction reliable. There’s no strong indication of mismatched taste or ambiguity to warrant escalation.  
DECISION: 0",,,2026-03-16T18:49:07.195868
avg_diff_005_015,0,0,1,0,"Person 1 has reviewed the following movies:

- Ace Ventura: Pet Detective (1994) (Comedy): Rated 2.0/5
- Net, The (1995) (Action|Crime|Thriller): Rated 4.0/5
- Fugitive, The (1993) (Thriller): Rated 5.0/5
- Clear and Present Danger (1994) (Action|Crime|Drama|Thriller): Rated 5.0/5
- Outbreak (1995) (Action|Drama|Sci-Fi|Thriller): Rated 5.0/5

Consider these two movies they have not seen:

- Movie A: While You Were Sleeping (1995) (Comedy|Romance), average rating 3.50/5 (789 ratings)
- Movie B: Firm, The (1993) (Drama|Thriller), average rating 3.40/5 (840 ratings)

TASK: Predict which movie Person 1 would rate higher. Explain your reasoning in 1 sentence. Then conclude with exactly 'PREDICTION: 1' (Movie A) or 'PREDICTION: 0' (Movie B).","You predicted Person 1's movie preference above.
TASK: Should we implement your prediction, or escalate to Person 1?
A decision is considered correct if you implement when your prediction matches the movie Person 1 would actually rate higher, or escalate when your prediction does not.
Explain your reasoning in 1-2 sentences, then conclude with exactly 'DECISION: 0' (implement) or 'DECISION: 1' (escalate).","Person 1 strongly favors thrillers and action-packed dramas (rated four 5.0/5 out of five), and Movie B (The Firm) is a thriller/drama aligned with their high-rated preferences, while Movie A is a romantic comedy—a genre they previously rated poorly (2.0/5 for Ace Ventura).  
PREDICTION: 0","Person 1’s pattern shows a clear preference for intense thrillers and action-driven narratives, and they disliked a comedy (Ace Ventura), making The Firm (Movie B) a far more likely high-rated choice than the romantic comedy While You Were Sleeping (Movie A). The average ratings are close, but genre alignment with past behavior is a stronger predictor than crowd-sourced averages.  
DECISION: 0",,,2026-03-16T18:49:07.207448
avg_diff_005_015,1,1,1,0,"Person 1 has reviewed the following movies:

- Drive (2011) (Crime|Drama|Film-Noir|Thriller): Rated 5.0/5
- Clockwork Orange, A (1971) (Crime|Drama|Sci-Fi|Thriller): Rated 3.5/5
- Pulp Fiction (1994) (Comedy|Crime|Drama|Thriller): Rated 5.0/5
- Paths of Glory (1957) (Drama|War): Rated 5.0/5
- Alien (1979) (Horror|Sci-Fi): Rated 4.0/5

Consider these two movies they have not seen:

- Movie A: Seven (a.k.a. Se7en) (1995) (Mystery|Thriller), average rating 4.07/5 (1954 ratings)
- Movie B: Up (2009) (Adventure|Animation|Children|Drama), average rating 3.96/5 (1142 ratings)

TASK: Predict which movie Person 1 would rate higher. Explain your reasoning in 1 sentence. Then conclude with exactly 'PREDICTION: 1' (Movie A) or 'PREDICTION: 0' (Movie B).","You predicted Person 1's movie preference above.
TASK: Should we implement your prediction, or escalate to Person 1?
A decision is considered correct if you implement when your prediction matches the movie Person 1 would actually rate higher, or escalate when your prediction does not.
Explain your reasoning in 1-2 sentences, then conclude with exactly 'DECISION: 0' (implement) or 'DECISION: 1' (escalate).","Person 1 consistently rates dark, intense, and thematically complex films—especially in crime, drama, and thriller genres—with high scores, and Movie A (Seven) aligns closely with this pattern, while Movie B (Up) is a family-oriented animated film that diverges sharply from their known preferences.  
PREDICTION: 1","Person 1’s high ratings for gritty, morally complex thrillers like Drive, Pulp Fiction, and Seven’s direct stylistic and thematic kinship strongly suggest they would prefer Seven over the gentle, animated Up—making the prediction highly reliable.  
DECISION: 0",,,2026-03-16T18:49:07.322584
avg_diff_005_015,0,1,0,1,"Person 1 has reviewed the following movies:

- Boiler Room (2000) (Crime|Drama|Thriller): Rated 4.0/5
- Cloudy with a Chance of Meatballs 2 (2013) (Animation|Children|Comedy|Fantasy): Rated 4.5/5
- Body of Lies (2008) (Action|Drama|Thriller): Rated 4.0/5
- Spider-Man 3 (2007) (Action|Adventure|Sci-Fi|Thriller|IMAX): Rated 3.0/5
- Serenity (2005) (Action|Adventure|Sci-Fi): Rated 4.0/5

Consider these two movies they have not seen:

- Movie A: Hook (1991) (Adventure|Comedy|Fantasy), average rating 3.23/5 (369 ratings)
- Movie B: Ferngully: The Last Rainforest (1992) (Animation|Children|Comedy|Musical), average rating 3.16/5 (48 ratings)

TASK: Predict which movie Person 1 would rate higher. Explain your reasoning in 1 sentence. Then conclude with exactly 'PREDICTION: 1' (Movie A) or 'PREDICTION: 0' (Movie B).","You predicted Person 1's movie preference above.
TASK: Should we implement your prediction, or escalate to Person 1?
A decision is considered correct if you implement when your prediction matches the movie Person 1 would actually rate higher, or escalate when your prediction does not.
Explain your reasoning in 1-2 sentences, then conclude with exactly 'DECISION: 0' (implement) or 'DECISION: 1' (escalate).","Person 1 has a strong preference for animated and family-friendly films (evidenced by their 4.5/5 rating for Cloudy with a Chance of Meatballs 2), and Movie B (Ferngully) aligns more closely with that genre and tone than Movie A (Hook), despite both having similar average ratings.  
PREDICTION: 1","While Person 1 rated an animated film highly (Cloudy with a Chance of Meatballs 2), their other high ratings are grounded in gritty, adult-oriented genres (Crime, Thriller, Drama), suggesting their preference for animation may be an outlier rather than a strong pattern—Ferngully’s musical, child-focused tone may not resonate as well as Hook’s adventurous, family-friendly fantasy with emotional depth. Given the ambiguity and low sample size of their animation preference, it’s safer to escalate.  
DECISION: 1",,,2026-03-16T18:49:07.748879
avg_diff_005_015,0,1,0,1,"Person 1 has reviewed the following movies:

- Sinbad: Legend of the Seven Seas (2003) (Adventure|Animation|Children|Fantasy): Rated 3.5/5
- Father of the Bride (1950) (Comedy): Rated 3.0/5
- The Butterfly Effect (2004) (Drama|Sci-Fi|Thriller): Rated 4.0/5
- WALL·E (2008) (Adventure|Animation|Children|Romance|Sci-Fi): Rated 2.5/5
- Dragon: The Bruce Lee Story (1993) (Action|Drama): Rated 4.0/5

Consider these two movies they have not seen:

- Movie A: American History X (1998) (Crime|Drama), average rating 4.14/5 (1245 ratings)
- Movie B: Forrest Gump (1994) (Comedy|Drama|Romance|War), average rating 4.04/5 (3089 ratings)

TASK: Predict which movie Person 1 would rate higher. Explain your reasoning in 1 sentence. Then conclude with exactly 'PREDICTION: 1' (Movie A) or 'PREDICTION: 0' (Movie B).","You predicted Person 1's movie preference above.
TASK: Should we implement your prediction, or escalate to Person 1?
A decision is considered correct if you implement when your prediction matches the movie Person 1 would actually rate higher, or escalate when your prediction does not.
Explain your reasoning in 1-2 sentences, then conclude with exactly 'DECISION: 0' (implement) or 'DECISION: 1' (escalate).","Person 1 has shown a preference for emotionally intense dramas and biographical films with high ratings (e.g., The Butterfly Effect and Dragon: The Bruce Lee Story both rated 4.0), and while both movies are well-rated, American History X’s darker, more intense drama aligns more closely with their taste than Forrest Gump’s sentimental, broad-appeal narrative.  
PREDICTION: 1","While my prediction is grounded in Person 1’s documented preference for intense dramas and biopics, their low rating of WALL·E—despite its acclaim—suggests they may not consistently align with mainstream critical ratings, making their true preference for American History X vs. Forrest Gump uncertain.  
DECISION: 1",,,2026-03-16T18:49:07.958686
avg_diff_005_015,0,1,0,0,"Person 1 has reviewed the following movies:

- Broken Arrow (1996) (Action|Adventure|Thriller): Rated 3.0/5
- Sgt. Bilko (1996) (Comedy): Rated 3.0/5
- Fugitive, The (1993) (Thriller): Rated 5.0/5
- Dead Man Walking (1995) (Crime|Drama): Rated 4.0/5
- Mission: Impossible (1996) (Action|Adventure|Mystery|Thriller): Rated 4.0/5

Consider these two movies they have not seen:

- Movie A: Speed (1994) (Action|Romance|Thriller), average rating 3.47/5 (1464 ratings)
- Movie B: Mrs. Doubtfire (1993) (Comedy|Drama), average rating 3.38/5 (1208 ratings)

TASK: Predict which movie Person 1 would rate higher. Explain your reasoning in 1 sentence. Then conclude with exactly 'PREDICTION: 1' (Movie A) or 'PREDICTION: 0' (Movie B).","You predicted Person 1's movie preference above.
TASK: Should we implement your prediction, or escalate to Person 1?
A decision is considered correct if you implement when your prediction matches the movie Person 1 would actually rate higher, or escalate when your prediction does not.
Explain your reasoning in 1-2 sentences, then conclude with exactly 'DECISION: 0' (implement) or 'DECISION: 1' (escalate).","Person 1 consistently rates action/thriller films higher (e.g., 5.0 for The Fugitive, 4.0 for Mission: Impossible) and has lower ratings for comedies (3.0 for Sgt. Bilko), making Speed (Action|Thriller) more aligned with their preferences than Mrs. Doubtfire (Comedy|Drama).  
PREDICTION: 1","Person 1’s demonstrated preference for high-rated action/thrillers like The Fugitive and Mission: Impossible strongly suggests they would prefer Speed over the comedy-drama Mrs. Doubtfire, which aligns with their lower ratings for comedies; the average ratings of the two movies are close and less relevant than their genre alignment with Person 1’s history.  
DECISION: 0",,,2026-03-16T18:49:08.606017
avg_diff_005_015,1,1,1,0,"Person 1 has reviewed the following movies:

- Lord of the Rings: The Return of the King, The (2003) (Action|Adventure|Drama|Fantasy): Rated 5.0/5
- Remember the Titans (2000) (Drama): Rated 4.5/5
- Dumbo (1941) (Animation|Children|Drama|Musical): Rated 0.5/5
- Amadeus (1984) (Drama): Rated 4.0/5
- Harry Potter and the Prisoner of Azkaban (2004) (Adventure|Fantasy|IMAX): Rated 5.0/5

Consider these two movies they have not seen:

- Movie A: Little Miss Sunshine (2006) (Adventure|Comedy|Drama), average rating 3.85/5 (731 ratings)
- Movie B: Wallace & Gromit in The Curse of the Were-Rabbit (2005) (Adventure|Animation|Children|Comedy), average rating 3.74/5 (248 ratings)

TASK: Predict which movie Person 1 would rate higher. Explain your reasoning in 1 sentence. Then conclude with exactly 'PREDICTION: 1' (Movie A) or 'PREDICTION: 0' (Movie B).","You predicted Person 1's movie preference above.
TASK: Should we implement your prediction, or escalate to Person 1?
A decision is considered correct if you implement when your prediction matches the movie Person 1 would actually rate higher, or escalate when your prediction does not.
Explain your reasoning in 1-2 sentences, then conclude with exactly 'DECISION: 0' (implement) or 'DECISION: 1' (escalate).","Person 1 gave high ratings to emotionally resonant dramas and fantasy adventures (e.g., Lord of the Rings, Harry Potter) but disliked Dumbo, a classic animated film, suggesting a preference for live-action, emotionally driven stories over traditional animation, making Little Miss Sunshine — a live-action comedy-drama — more likely to appeal than Wallace & Gromit.  
PREDICTION: 1","While Person 1 rated fantasy and drama highly, their extremely low rating of Dumbo (a beloved animated classic) suggests a strong aversion to traditional animation, making it unlikely they’d prefer Wallace & Gromit despite its critical acclaim. Little Miss Sunshine’s live-action, emotionally grounded tone aligns better with their other high-rated films.  
DECISION: 0",,,2026-03-16T18:49:09.160913
avg_diff_005_015,1,1,1,0,"Person 1 has reviewed the following movies:

- Maltese Falcon, The (1941) (Film-Noir|Mystery): Rated 4.0/5
- Raiders of the Lost Ark (Indiana Jones and the Raiders of the Lost Ark) (1981) (Action|Adventure): Rated 5.0/5
- Four Weddings and a Funeral (1994) (Comedy|Romance): Rated 5.0/5
- Duck Soup (1933) (Comedy|Musical|War): Rated 4.0/5
- Man Who Would Be King, The (1975) (Adventure|Drama): Rated 5.0/5

Consider these two movies they have not seen:

- Movie A: One Flew Over the Cuckoo's Nest (1975) (Drama), average rating 4.21/5 (1407 ratings)
- Movie B: Nights of Cabiria (Notti di Cabiria, Le) (1957) (Drama), average rating 4.07/5 (65 ratings)

TASK: Predict which movie Person 1 would rate higher. Explain your reasoning in 1 sentence. Then conclude with exactly 'PREDICTION: 1' (Movie A) or 'PREDICTION: 0' (Movie B).","You predicted Person 1's movie preference above.
TASK: Should we implement your prediction, or escalate to Person 1?
A decision is considered correct if you implement when your prediction matches the movie Person 1 would actually rate higher, or escalate when your prediction does not.
Explain your reasoning in 1-2 sentences, then conclude with exactly 'DECISION: 0' (implement) or 'DECISION: 1' (escalate).","Person 1 consistently rates high-quality dramas and character-driven films highly (e.g., The Man Who Would Be King and The Maltese Falcon), and while both movies are dramas, One Flew Over the Cuckoo’s Nest has broader critical acclaim, a stronger cultural footprint, and higher average ratings, making it more likely to align with their taste.  
PREDICTION: 1","Person 1 has a strong preference for high-rated, critically acclaimed films with rich character development and genre blend (e.g., The Man Who Would Be King, The Maltese Falcon), and One Flew Over the Cuckoo’s Nest fits this pattern far better than Nights of Cabiria, despite the latter’s artistic merit. The average ratings and cultural impact further support the prediction’s reliability.  
DECISION: 0",,,2026-03-16T18:49:09.203497
avg_diff_005_015,0,1,0,1,"Person 1 has reviewed the following movies:

- Tenet (2020) (Action|Thriller): Rated 3.5/5
- Borat: Cultural Learnings of America for Make Benefit Glorious Nation of Kazakhstan (2006) (Comedy): Rated 4.0/5
- Avengers: Infinity War - Part II (2019) (Action|Adventure|Sci-Fi): Rated 4.0/5
- Godfather: Part III, The (1990) (Crime|Drama|Mystery|Thriller): Rated 4.0/5
- The Batman (2022) (Action|Crime|Drama): Rated 4.0/5

Consider these two movies they have not seen:

- Movie A: Zombieland (2009) (Action|Comedy|Horror), average rating 3.77/5 (671 ratings)
- Movie B: Split (2017) (Drama|Horror|Thriller), average rating 3.68/5 (198 ratings)

TASK: Predict which movie Person 1 would rate higher. Explain your reasoning in 1 sentence. Then conclude with exactly 'PREDICTION: 1' (Movie A) or 'PREDICTION: 0' (Movie B).","You predicted Person 1's movie preference above.
TASK: Should we implement your prediction, or escalate to Person 1?
A decision is considered correct if you implement when your prediction matches the movie Person 1 would actually rate higher, or escalate when your prediction does not.
Explain your reasoning in 1-2 sentences, then conclude with exactly 'DECISION: 0' (implement) or 'DECISION: 1' (escalate).","Person 1 has a strong preference for high-rated action, thriller, and comedy films (e.g., Tenet, Borat, Avengers, The Batman), and while both movies are below their typical ratings, Zombieland’s blend of action and comedy aligns more closely with their demonstrated tastes than Split’s darker drama-horror-thriller mix.  
PREDICTION: 1","While Zombieland’s action-comedy tone better matches Person 1’s preferences, their high ratings for complex thrillers like Tenet and The Godfather suggest they may also appreciate Split’s psychological depth—making the prediction uncertain without direct feedback.  
DECISION: 1",,,2026-03-16T18:49:09.592192
avg_diff_005_015,1,1,1,1,"Person 1 has reviewed the following movies:

- When a Man Loves a Woman (1994) (Drama|Romance): Rated 3.0/5
- Forrest Gump (1994) (Comedy|Drama|Romance|War): Rated 4.0/5
- Shrek (2001) (Adventure|Animation|Children|Comedy|Fantasy|Romance): Rated 5.0/5
- X-Men (2000) (Action|Adventure|Sci-Fi): Rated 4.0/5
- Fantastic Four (2005) (Action|Adventure|Sci-Fi): Rated 3.5/5

Consider these two movies they have not seen:

- Movie A: Toys (1992) (Comedy|Fantasy), average rating 2.73/5 (128 ratings)
- Movie B: 2 Fast 2 Furious (Fast and the Furious 2, The) (2003) (Action|Crime|Thriller), average rating 2.65/5 (197 ratings)

TASK: Predict which movie Person 1 would rate higher. Explain your reasoning in 1 sentence. Then conclude with exactly 'PREDICTION: 1' (Movie A) or 'PREDICTION: 0' (Movie B).","You predicted Person 1's movie preference above.
TASK: Should we implement your prediction, or escalate to Person 1?
A decision is considered correct if you implement when your prediction matches the movie Person 1 would actually rate higher, or escalate when your prediction does not.
Explain your reasoning in 1-2 sentences, then conclude with exactly 'DECISION: 0' (implement) or 'DECISION: 1' (escalate).","Person 1 has consistently rated action, adventure, and fantasy films highly (e.g., Shrek 5.0, X-Men 4.0), and while both movies have low average ratings, Movie A (Toys) aligns better with their demonstrated preference for fantasy and comedy elements, making it more likely to resonate with them than the crime/thriller-focused 2 Fast 2 Furious.  
PREDICTION: 1","While my prediction is based on genre alignment with Person 1’s past preferences, the low average ratings of both movies suggest limited broader appeal, and Person 1’s taste may not align with Toys’ quirky, family-oriented tone despite its fantasy/comedy elements. Without more confidence, it’s safer to escalate.  
DECISION: 1",,,2026-03-16T18:49:09.864410
avg_diff_005_015,0,0,1,1,"Person 1 has reviewed the following movies:

- Silence of the Lambs, The (1991) (Crime|Horror|Thriller): Rated 3.0/5
- Independence Day (a.k.a. ID4) (1996) (Action|Adventure|Sci-Fi|Thriller): Rated 5.0/5
- Mrs. Doubtfire (1993) (Comedy|Drama): Rated 4.0/5
- Schindler's List (1993) (Drama|War): Rated 3.0/5
- Ace Ventura: Pet Detective (1994) (Comedy): Rated 3.0/5

Consider these two movies they have not seen:

- Movie A: Sleepless in Seattle (1993) (Comedy|Drama|Romance), average rating 3.51/5 (1004 ratings)
- Movie B: Batman (1989) (Action|Crime|Thriller), average rating 3.40/5 (1526 ratings)

TASK: Predict which movie Person 1 would rate higher. Explain your reasoning in 1 sentence. Then conclude with exactly 'PREDICTION: 1' (Movie A) or 'PREDICTION: 0' (Movie B).","You predicted Person 1's movie preference above.
TASK: Should we implement your prediction, or escalate to Person 1?
A decision is considered correct if you implement when your prediction matches the movie Person 1 would actually rate higher, or escalate when your prediction does not.
Explain your reasoning in 1-2 sentences, then conclude with exactly 'DECISION: 0' (implement) or 'DECISION: 1' (escalate).","Person 1 gave high ratings to action/thriller films like *Independence Day* and mixed-to-low ratings to comedies/dramas like *Mrs. Doubtfire* and *Ace Ventura*, suggesting a stronger preference for action/thriller genres over romantic comedy-dramas, so they’re more likely to prefer *Batman* over *Sleepless in Seattle*.  
PREDICTION: 0","While Person 1 liked *Independence Day* (action/thriller), they also rated *Mrs. Doubtfire* (comedy/drama) highly at 4.0, suggesting their taste isn’t strictly genre-bound—plus, *Sleepless in Seattle* is a romantic comedy-drama, which shares elements with *Mrs. Doubtfire*, a film they clearly enjoyed. Given this ambiguity and the close average ratings of both movies, it’s safer to escalate rather than risk mispredicting based on incomplete genre patterns.  
DECISION: 1",,,2026-03-16T18:49:10.848040
avg_diff_005_015,0,0,1,1,"Person 1 has reviewed the following movies:

- Groundhog Day (1993) (Comedy|Fantasy|Romance): Rated 3.5/5
- Men in Black (a.k.a. MIB) (1997) (Action|Comedy|Sci-Fi): Rated 2.5/5
- Waterworld (1995) (Action|Adventure|Sci-Fi): Rated 3.0/5
- Léon: The Professional (a.k.a. The Professional) (Léon) (1994) (Action|Crime|Drama|Thriller): Rated 4.0/5
- Sound of Music, The (1965) (Musical|Romance): Rated 1.0/5

Consider these two movies they have not seen:

- Movie A: Game, The (1997) (Drama|Mystery|Thriller), average rating 3.84/5 (743 ratings)
- Movie B: Unbearable Lightness of Being, The (1988) (Drama), average rating 3.75/5 (133 ratings)

TASK: Predict which movie Person 1 would rate higher. Explain your reasoning in 1 sentence. Then conclude with exactly 'PREDICTION: 1' (Movie A) or 'PREDICTION: 0' (Movie B).","You predicted Person 1's movie preference above.
TASK: Should we implement your prediction, or escalate to Person 1?
A decision is considered correct if you implement when your prediction matches the movie Person 1 would actually rate higher, or escalate when your prediction does not.
Explain your reasoning in 1-2 sentences, then conclude with exactly 'DECISION: 0' (implement) or 'DECISION: 1' (escalate).","Person 1 strongly disliked a musical romance (Sound of Music) and gave low ratings to broad genre films like Waterworld and Men in Black, but highly rated the intense, character-driven thriller Léon, suggesting a preference for serious, moody dramas over light or mainstream fare—making the somber, critically acclaimed drama The Unbearable Lightness of Being more aligned with their taste than the psychological thriller Game, The.  
PREDICTION: 0","While Person 1’s high rating for Léon suggests an affinity for intense dramas, their extremely low rating for The Sound of Music may reflect aversion to slow-paced, emotionally earnest films—potentially making The Unbearable Lightness of Being less appealing despite its genre alignment. Given the ambiguity and small sample size of their preferences, it’s safer to escalate rather than risk misjudging their taste.  
DECISION: 1",,,2026-03-16T18:49:11.178495
avg_diff_005_015,1,1,1,1,"Person 1 has reviewed the following movies:

- Searching for Bobby Fischer (1993) (Drama): Rated 3.0/5
- Bad Girls (1994) (Western): Rated 4.0/5
- Dances with Wolves (1990) (Adventure|Drama|Western): Rated 3.0/5
- Mrs. Doubtfire (1993) (Comedy|Drama): Rated 5.0/5
- Forrest Gump (1994) (Comedy|Drama|Romance|War): Rated 4.0/5

Consider these two movies they have not seen:

- Movie A: When a Man Loves a Woman (1994) (Drama|Romance), average rating 3.43/5 (137 ratings)
- Movie B: Nell (1994) (Drama), average rating 3.37/5 (350 ratings)

TASK: Predict which movie Person 1 would rate higher. Explain your reasoning in 1 sentence. Then conclude with exactly 'PREDICTION: 1' (Movie A) or 'PREDICTION: 0' (Movie B).","You predicted Person 1's movie preference above.
TASK: Should we implement your prediction, or escalate to Person 1?
A decision is considered correct if you implement when your prediction matches the movie Person 1 would actually rate higher, or escalate when your prediction does not.
Explain your reasoning in 1-2 sentences, then conclude with exactly 'DECISION: 0' (implement) or 'DECISION: 1' (escalate).","Person 1 gave high ratings to emotionally driven dramas like Mrs. Doubtfire (5.0) and Forrest Gump (4.0), suggesting a strong preference for heartfelt, character-centered dramas with emotional depth—Movie A (When a Man Loves a Woman) aligns more closely with this pattern due to its romance-drama blend and higher average rating than Movie B, which is a more niche drama.  
PREDICTION: 1","While my prediction is based on Person 1’s demonstrated preference for emotionally resonant dramas, their past ratings show high variability (e.g., 3.0 for Dances with Wolves vs. 5.0 for Mrs. Doubtfire), and neither Movie A nor B matches the exact tone or genre mix of their highest-rated films—making the prediction uncertain. Given the low confidence and potential for misalignment, it’s safer to escalate.  
DECISION: 1",,,2026-03-16T18:49:12.235083
avg_diff_005_015,0,1,0,0,"Person 1 has reviewed the following movies:

- King's Speech, The (2010) (Drama): Rated 5.0/5
- Watchmen (2009) (Action|Drama|Mystery|Sci-Fi|Thriller|IMAX): Rated 5.0/5
- Mr. & Mrs. Smith (2005) (Action|Adventure|Comedy|Romance): Rated 4.0/5
- Up (2009) (Adventure|Animation|Children|Drama): Rated 4.0/5
- Kingsman: The Secret Service (2015) (Action|Adventure|Comedy|Crime): Rated 5.0/5

Consider these two movies they have not seen:

- Movie A: Sherlock Holmes (2009) (Action|Crime|Mystery|Thriller), average rating 3.76/5 (667 ratings)
- Movie B: Avengers, The (2012) (Action|Adventure|Sci-Fi|IMAX), average rating 3.69/5 (805 ratings)

TASK: Predict which movie Person 1 would rate higher. Explain your reasoning in 1 sentence. Then conclude with exactly 'PREDICTION: 1' (Movie A) or 'PREDICTION: 0' (Movie B).","You predicted Person 1's movie preference above.
TASK: Should we implement your prediction, or escalate to Person 1?
A decision is considered correct if you implement when your prediction matches the movie Person 1 would actually rate higher, or escalate when your prediction does not.
Explain your reasoning in 1-2 sentences, then conclude with exactly 'DECISION: 0' (implement) or 'DECISION: 1' (escalate).","Person 1 consistently rates action-packed, stylish films with strong dramatic or mysterious elements highly (e.g., Watchmen, Kingsman, The King’s Speech), and while both movies fit the action/mystery mold, Sherlock Holmes (2009) aligns more closely with their preference for sharp, character-driven thrillers over broad superhero ensemble films like The Avengers.  
PREDICTION: 1","Person 1’s high ratings for Watchmen and Kingsman—both stylized, witty, and genre-blending action-mysteries—strongly suggest a preference for Sherlock Holmes (2009) over the more conventional superhero team-up of The Avengers, making the prediction well-grounded in their demonstrated taste.  
DECISION: 0",,,2026-03-16T18:49:12.379395
avg_diff_005_015,1,0,0,1,"Person 1 has reviewed the following movies:

- American Beauty (1999) (Drama|Romance): Rated 3.0/5
- She's All That (1999) (Comedy|Romance): Rated 4.0/5
- Little Voice (1998) (Comedy): Rated 5.0/5
- As Good as It Gets (1997) (Comedy|Drama|Romance): Rated 4.0/5
- Celebrity (1998) (Comedy): Rated 3.0/5

Consider these two movies they have not seen:

- Movie A: October Sky (1999) (Drama), average rating 3.82/5 (280 ratings)
- Movie B: Shakespeare in Love (1998) (Comedy|Drama|Romance), average rating 3.76/5 (821 ratings)

TASK: Predict which movie Person 1 would rate higher. Explain your reasoning in 1 sentence. Then conclude with exactly 'PREDICTION: 1' (Movie A) or 'PREDICTION: 0' (Movie B).","You predicted Person 1's movie preference above.
TASK: Should we implement your prediction, or escalate to Person 1?
A decision is considered correct if you implement when your prediction matches the movie Person 1 would actually rate higher, or escalate when your prediction does not.
Explain your reasoning in 1-2 sentences, then conclude with exactly 'DECISION: 0' (implement) or 'DECISION: 1' (escalate).","Person 1 consistently rates comedies higher than dramas (average comedy rating: 4.0 vs. drama rating: 3.0), and while both movies have similar average ratings, Shakespeare in Love blends comedy with drama and romance—aligning better with Person 1’s preference for comedies and romantic elements—making it more likely to be rated higher.  
PREDICTION: 0","While Shakespeare in Love’s genre blend aligns with Person 1’s preference for comedies and romances, their low ratings for other dramatic films like American Beauty and As Good as It Gets suggest they may not respond well to even comedy-drama hybrids with serious tones—making the prediction uncertain. Given the narrow margin in average ratings and potential genre mismatch, it’s safer to escalate.  
DECISION: 1",,,2026-03-16T18:49:12.568902
avg_diff_005_015,1,1,1,0,"Person 1 has reviewed the following movies:

- Once (2006) (Drama|Musical|Romance): Rated 4.0/5
- Proposal, The (2009) (Comedy|Romance): Rated 1.0/5
- Ocean's Thirteen (2007) (Crime|Thriller): Rated 4.5/5
- Life of Pi (2012) (Adventure|Drama|IMAX): Rated 3.5/5
- Thank You for Smoking (2006) (Comedy|Drama): Rated 2.5/5

Consider these two movies they have not seen:

- Movie A: Stranger than Fiction (2006) (Comedy|Drama|Fantasy|Romance), average rating 3.84/5 (380 ratings)
- Movie B: Lars and the Real Girl (2007) (Comedy|Drama), average rating 3.69/5 (120 ratings)

TASK: Predict which movie Person 1 would rate higher. Explain your reasoning in 1 sentence. Then conclude with exactly 'PREDICTION: 1' (Movie A) or 'PREDICTION: 0' (Movie B).","You predicted Person 1's movie preference above.
TASK: Should we implement your prediction, or escalate to Person 1?
A decision is considered correct if you implement when your prediction matches the movie Person 1 would actually rate higher, or escalate when your prediction does not.
Explain your reasoning in 1-2 sentences, then conclude with exactly 'DECISION: 0' (implement) or 'DECISION: 1' (escalate).","Person 1 gave high ratings to emotionally nuanced dramas with quirky or introspective tones (e.g., Once, Life of Pi) and low ratings to formulaic rom-coms (The Proposal), making Stranger than Fiction—a whimsical, meta-comedy-drama with romantic and philosophical depth—more aligned with their tastes than the quieter, more subdued Lars and the Real Girl.  
PREDICTION: 1","My prediction is based on consistent patterns in Person 1’s ratings—favoring emotionally rich, unconventional dramas over shallow rom-coms—and Stranger than Fiction’s tone and genre alignment with Once and Life of Pi makes it the more likely higher-rated film. Given the strong thematic and stylistic match, the prediction is well-supported and not speculative.  
DECISION: 0",,,2026-03-16T18:49:13.902997
avg_diff_005_015,1,1,1,1,"Person 1 has reviewed the following movies:

- Robin Hood: Men in Tights (1993) (Comedy): Rated 4.0/5
- Last of the Mohicans, The (1992) (Action|Romance|War|Western): Rated 1.5/5
- Run Lola Run (Lola rennt) (1998) (Action|Crime): Rated 5.0/5
- Alien³ (a.k.a. Alien 3) (1992) (Action|Horror|Sci-Fi|Thriller): Rated 2.0/5
- Honey, I Shrunk the Kids (1989) (Adventure|Children|Comedy|Fantasy|Sci-Fi): Rated 1.0/5

Consider these two movies they have not seen:

- Movie A: Vertigo (1958) (Drama|Mystery|Romance|Thriller), average rating 4.11/5 (620 ratings)
- Movie B: It's a Wonderful Life (1946) (Children|Drama|Fantasy|Romance), average rating 4.00/5 (556 ratings)

TASK: Predict which movie Person 1 would rate higher. Explain your reasoning in 1 sentence. Then conclude with exactly 'PREDICTION: 1' (Movie A) or 'PREDICTION: 0' (Movie B).","You predicted Person 1's movie preference above.
TASK: Should we implement your prediction, or escalate to Person 1?
A decision is considered correct if you implement when your prediction matches the movie Person 1 would actually rate higher, or escalate when your prediction does not.
Explain your reasoning in 1-2 sentences, then conclude with exactly 'DECISION: 0' (implement) or 'DECISION: 1' (escalate).","Person 1 strongly prefers high-energy, stylistically bold films like *Run Lola Run* (5.0) and *Robin Hood: Men in Tights* (4.0), while disliking slow, sentimental, or family-oriented films like *Honey, I Shrunk the Kids* (1.0) and *The Last of the Mohicans* (1.5), making them more likely to favor the tense, psychological thriller *Vertigo* over the wholesome, sentimental *It's a Wonderful Life*.  
PREDICTION: 1","While my prediction is based on clear patterns in Person 1’s taste—favoring stylized, energetic films over sentimental or family-oriented ones—there’s still significant uncertainty because *Vertigo* is a slow-burn classic with very different pacing than *Run Lola Run*, and Person 1 might not connect with its tone despite its genre overlap with *Alien³* or *The Last of the Mohicans*. Given the high stakes of mispredicting a preference between two critically acclaimed but tonally divergent films, it’s safer to escalate.  
DECISION: 1",,,2026-03-16T18:49:13.905309
avg_diff_005_015,1,1,1,0,"Person 1 has reviewed the following movies:

- Moonrise Kingdom (2012) (Comedy|Drama|Romance): Rated 3.5/5
- Matrix, The (1999) (Action|Sci-Fi|Thriller): Rated 4.0/5
- Schindler's List (1993) (Drama|War): Rated 4.0/5
- Sixth Sense, The (1999) (Drama|Horror|Mystery): Rated 4.5/5
- Far from the Madding Crowd (2015) (Drama): Rated 4.0/5

Consider these two movies they have not seen:

- Movie A: Saving Private Ryan (1998) (Action|Drama|War), average rating 4.05/5 (1871 ratings)
- Movie B: Gladiator (2000) (Action|Adventure|Drama), average rating 4.00/5 (1782 ratings)

TASK: Predict which movie Person 1 would rate higher. Explain your reasoning in 1 sentence. Then conclude with exactly 'PREDICTION: 1' (Movie A) or 'PREDICTION: 0' (Movie B).","You predicted Person 1's movie preference above.
TASK: Should we implement your prediction, or escalate to Person 1?
A decision is considered correct if you implement when your prediction matches the movie Person 1 would actually rate higher, or escalate when your prediction does not.
Explain your reasoning in 1-2 sentences, then conclude with exactly 'DECISION: 0' (implement) or 'DECISION: 1' (escalate).","Person 1 has shown a strong preference for emotionally intense, critically acclaimed dramas with historical or war themes (e.g., Schindler’s List, The Sixth Sense), and while both movies are similar, Saving Private Ryan aligns more closely with their high rating of Schindler’s List in tone, subject matter, and genre blend.  
PREDICTION: 1","Person 1’s high ratings for Schindler’s List and The Sixth Sense indicate a strong affinity for emotionally weighty, historically grounded dramas with psychological depth—Saving Private Ryan matches this pattern more closely than Gladiator, which leans more toward spectacle and adventure. Given the strong alignment with their established tastes, the prediction is reliable.  
DECISION: 0",,,2026-03-16T18:49:14.045783
avg_diff_005_015,0,1,0,1,"Person 1 has reviewed the following movies:

- Mission: Impossible II (2000) (Action|Adventure|Thriller): Rated 3.0/5
- Bruce Almighty (2003) (Comedy|Drama|Fantasy|Romance): Rated 5.0/5
- Transcendence (2014) (Drama|Sci-Fi|IMAX): Rated 5.0/5
- Fahrenheit 11/9 (2018) (Documentary): Rated 5.0/5
- Signal, The (2014) (Sci-Fi|Thriller): Rated 5.0/5

Consider these two movies they have not seen:

- Movie A: Incredibles, The (2004) (Action|Adventure|Animation|Children|Comedy), average rating 3.86/5 (1276 ratings)
- Movie B: Shrek (2001) (Adventure|Animation|Children|Comedy|Fantasy|Romance), average rating 3.76/5 (1695 ratings)

TASK: Predict which movie Person 1 would rate higher. Explain your reasoning in 1 sentence. Then conclude with exactly 'PREDICTION: 1' (Movie A) or 'PREDICTION: 0' (Movie B).","You predicted Person 1's movie preference above.
TASK: Should we implement your prediction, or escalate to Person 1?
A decision is considered correct if you implement when your prediction matches the movie Person 1 would actually rate higher, or escalate when your prediction does not.
Explain your reasoning in 1-2 sentences, then conclude with exactly 'DECISION: 0' (implement) or 'DECISION: 1' (escalate).","Person 1 has a strong preference for high-rated, intellectually engaging films (e.g., Transcendence, Signal, Fahrenheit 11/9) and showed unusual enthusiasm for Bruce Almighty despite its mixed genre, suggesting they favor unique or emotionally resonant storytelling over broad family appeal—making them more likely to prefer The Incredibles’ sophisticated action-comedy tone over Shrek’s more juvenile humor.  
PREDICTION: 1","While my prediction is grounded in Person 1’s pattern of favoring elevated, thematically rich films over mainstream family fare, their one outlier high rating for Bruce Almighty (a broad comedy) suggests their preferences may not be fully predictable by genre alone—so without direct confirmation, it’s safer to escalate.  
DECISION: 1",,,2026-03-16T18:49:14.118394
avg_diff_005_015,1,0,0,1,"Person 1 has reviewed the following movies:

- This Is Spinal Tap (1984) (Comedy): Rated 2.5/5
- English Patient, The (1996) (Drama|Romance|War): Rated 1.5/5
- Thomas Crown Affair, The (1999) (Action|Mystery): Rated 4.0/5
- Swordfish (2001) (Action|Crime|Drama): Rated 1.5/5
- Pulp Fiction (1994) (Comedy|Crime|Drama|Thriller): Rated 3.0/5

Consider these two movies they have not seen:

- Movie A: Desperado (1995) (Action|Romance|Western), average rating 3.41/5 (525 ratings)
- Movie B: Basic Instinct (1992) (Crime|Mystery|Thriller), average rating 3.32/5 (415 ratings)

TASK: Predict which movie Person 1 would rate higher. Explain your reasoning in 1 sentence. Then conclude with exactly 'PREDICTION: 1' (Movie A) or 'PREDICTION: 0' (Movie B).","You predicted Person 1's movie preference above.
TASK: Should we implement your prediction, or escalate to Person 1?
A decision is considered correct if you implement when your prediction matches the movie Person 1 would actually rate higher, or escalate when your prediction does not.
Explain your reasoning in 1-2 sentences, then conclude with exactly 'DECISION: 0' (implement) or 'DECISION: 1' (escalate).","Person 1 consistently rated action and crime films with higher scores (e.g., 4.0 for The Thomas Crown Affair, 3.0 for Pulp Fiction) and disliked overly dramatic or slow-paced films (e.g., 1.5 for The English Patient and Swordfish), making them more likely to prefer the action-crime thriller Basic Instinct over the western-tinged Desperado, despite both having similar average ratings.  
PREDICTION: 0","While Person 1 favored action-crime films like The Thomas Crown Affair and Pulp Fiction, their low ratings for Swordfish (also action-crime) suggest they may dislike over-the-top or stylized action, which Desperado and Basic Instinct both embody—making the preference ambiguous despite the pattern. Without clearer alignment, it’s safer to escalate.  
DECISION: 1",,,2026-03-16T18:49:14.343122
avg_diff_005_015,0,1,0,0,"Person 1 has reviewed the following movies:

- Blade Runner (1982) (Action|Sci-Fi|Thriller): Rated 4.5/5
- Saving Private Ryan (1998) (Action|Drama|War): Rated 4.5/5
- Dark Knight, The (2008) (Action|Crime|Drama|IMAX): Rated 5.0/5
- Shining, The (1980) (Horror): Rated 4.5/5
- Hunt for Red October, The (1990) (Action|Adventure|Thriller): Rated 4.0/5

Consider these two movies they have not seen:

- Movie A: Departed, The (2006) (Crime|Drama|Thriller), average rating 4.13/5 (1078 ratings)
- Movie B: Lord of the Rings: The Two Towers, The (2002) (Adventure|Fantasy), average rating 4.07/5 (2126 ratings)

TASK: Predict which movie Person 1 would rate higher. Explain your reasoning in 1 sentence. Then conclude with exactly 'PREDICTION: 1' (Movie A) or 'PREDICTION: 0' (Movie B).","You predicted Person 1's movie preference above.
TASK: Should we implement your prediction, or escalate to Person 1?
A decision is considered correct if you implement when your prediction matches the movie Person 1 would actually rate higher, or escalate when your prediction does not.
Explain your reasoning in 1-2 sentences, then conclude with exactly 'DECISION: 0' (implement) or 'DECISION: 1' (escalate).","Person 1 has a strong preference for intense, high-stakes thrillers and dramas with dark, gritty tones (evidenced by high ratings for The Dark Knight, The Shining, and Saving Private Ryan), making The Departed—a tense crime thriller with similar thematic weight—a better fit than the fantasy-adventure The Two Towers.  
PREDICTION: 1","Person 1’s demonstrated taste leans heavily toward gritty, character-driven thrillers and dramas with psychological or moral complexity—The Departed fits this pattern far better than the epic fantasy of The Two Towers, and its higher average rating (4.13 vs. 4.07) and genre alignment further support the prediction. There’s sufficient confidence in the pattern to implement.  
DECISION: 0",,,2026-03-16T18:49:14.435825
avg_diff_005_015,1,1,1,1,"Person 1 has reviewed the following movies:

- Goldfinger (1964) (Action|Adventure|Thriller): Rated 3.0/5
- Cecil B. DeMented (2000) (Comedy): Rated 5.0/5
- Airport 1975 (1974) (Action|Drama|Thriller): Rated 1.0/5
- Amateur (1994) (Crime|Drama|Thriller): Rated 4.0/5
- Legend (1985) (Adventure|Fantasy|Romance): Rated 3.0/5

Consider these two movies they have not seen:

- Movie A: Godzilla 1985: The Legend Is Reborn (Gojira) (Godzilla) (Return of Godzilla, The) (1984) (Action|Horror|Sci-Fi|Thriller), average rating 2.41/5 (22 ratings)
- Movie B: Freddy's Dead: The Final Nightmare (Nightmare on Elm Street Part 6: Freddy's Dead, A) (1991) (Horror), average rating 2.30/5 (53 ratings)

TASK: Predict which movie Person 1 would rate higher. Explain your reasoning in 1 sentence. Then conclude with exactly 'PREDICTION: 1' (Movie A) or 'PREDICTION: 0' (Movie B).","You predicted Person 1's movie preference above.
TASK: Should we implement your prediction, or escalate to Person 1?
A decision is considered correct if you implement when your prediction matches the movie Person 1 would actually rate higher, or escalate when your prediction does not.
Explain your reasoning in 1-2 sentences, then conclude with exactly 'DECISION: 0' (implement) or 'DECISION: 1' (escalate).","Person 1 has a strong preference for thrillers and action films with higher ratings (e.g., 4.0 for Amateur, 5.0 for Cecil B. DeMented), and while both movies are low-rated horror/thrillers, Movie A (Godzilla 1985) blends action and sci-fi — genres Person 1 has rewarded more consistently — making it more likely to appeal than the pure slasher horror of Freddy’s Dead.  
PREDICTION: 1","While my prediction is based on genre preferences and past ratings, Person 1 has shown a clear aversion to low-rated action/thrillers (e.g., Airport 1975 at 1.0), and both proposed movies are critically panned horror entries — making it uncertain whether genre alignment alone is sufficient to predict preference. Given the low average ratings and potential mismatch with Person 1’s taste for more nuanced thrillers, it’s safer to escalate.  
DECISION: 1",,,2026-03-16T18:49:14.559291
avg_diff_005_015,1,0,0,1,"Person 1 has reviewed the following movies:

- Clerks (1994) (Comedy): Rated 0.5/5
- Taxi Driver (1976) (Crime|Drama|Thriller): Rated 1.0/5
- Ghostbusters (a.k.a. Ghost Busters) (1984) (Action|Comedy|Sci-Fi): Rated 1.0/5
- Being John Malkovich (1999) (Comedy|Drama|Fantasy): Rated 0.5/5
- Rain Man (1988) (Drama): Rated 4.0/5

Consider these two movies they have not seen:

- Movie A: Shrek (2001) (Adventure|Animation|Children|Comedy|Fantasy|Romance), average rating 3.76/5 (1695 ratings)
- Movie B: American President, The (1995) (Comedy|Drama|Romance), average rating 3.69/5 (610 ratings)

TASK: Predict which movie Person 1 would rate higher. Explain your reasoning in 1 sentence. Then conclude with exactly 'PREDICTION: 1' (Movie A) or 'PREDICTION: 0' (Movie B).","You predicted Person 1's movie preference above.
TASK: Should we implement your prediction, or escalate to Person 1?
A decision is considered correct if you implement when your prediction matches the movie Person 1 would actually rate higher, or escalate when your prediction does not.
Explain your reasoning in 1-2 sentences, then conclude with exactly 'DECISION: 0' (implement) or 'DECISION: 1' (escalate).","Person 1 consistently gave very low ratings to comedies and films with fantastical or absurdist elements (e.g., Clerks, Ghostbusters, Being John Malkovich), but rated the serious, emotionally grounded Rain Man highly, suggesting a preference for sincere drama over comedic or fantastical fare — and since The American President is a dramatic romance with minimal fantasy or absurdity, while Shrek is an animated comedy-fantasy, Person 1 is more likely to rate The American President higher.  
PREDICTION: 0","While the reasoning is logically consistent with Person 1’s past aversion to comedy and fantasy, their extremely low ratings (0.5–1.0) across multiple comedies suggest a strong bias that may not be fully captured by average ratings alone — and since Shrek and The American President are both outside their known preferences, the risk of misjudging their tolerance for gentle comedy or romance is high.  
DECISION: 1",,,2026-03-16T18:49:15.940396
avg_diff_005_015,0,0,1,0,"Person 1 has reviewed the following movies:

- Copycat (1995) (Crime|Drama|Horror|Mystery|Thriller): Rated 2.0/5
- Punch-Drunk Love (2002) (Comedy|Drama|Romance): Rated 3.0/5
- Citizen Kane (1941) (Drama|Mystery): Rated 3.0/5
- Lawnmower Man, The (1992) (Action|Horror|Sci-Fi|Thriller): Rated 4.0/5
- Blues Brothers 2000 (1998) (Action|Comedy|Musical): Rated 2.0/5

Consider these two movies they have not seen:

- Movie A: Donnie Brasco (1997) (Crime|Drama), average rating 3.88/5 (438 ratings)
- Movie B: Dead Alive (Braindead) (1992) (Comedy|Fantasy|Horror), average rating 3.79/5 (117 ratings)

TASK: Predict which movie Person 1 would rate higher. Explain your reasoning in 1 sentence. Then conclude with exactly 'PREDICTION: 1' (Movie A) or 'PREDICTION: 0' (Movie B).","You predicted Person 1's movie preference above.
TASK: Should we implement your prediction, or escalate to Person 1?
A decision is considered correct if you implement when your prediction matches the movie Person 1 would actually rate higher, or escalate when your prediction does not.
Explain your reasoning in 1-2 sentences, then conclude with exactly 'DECISION: 0' (implement) or 'DECISION: 1' (escalate).","Person 1 gave higher ratings to horror-infused thrillers like *Lawnmower Man* (4.0) and lower ratings to crime/drama films like *Copycat* (2.0) and *Blues Brothers 2000* (2.0), suggesting a preference for over-the-top genre blends over grounded crime dramas, making *Dead Alive* (horror-comedy-fantasy) a better match than *Donnie Brasco* (serious crime-drama).  
PREDICTION: 0","Person 1’s pattern shows they enjoy exaggerated, genre-blended films with horror or absurdity (e.g., 4.0 for *Lawnmower Man*) and dislike dry or conventional crime/drama (*Copycat* = 2.0, *Blues Brothers 2000* = 2.0), so *Dead Alive*’s chaotic horror-comedy aligns better than *Donnie Brasco*’s serious tone — making the prediction likely accurate.  
DECISION: 0",,,2026-03-16T18:49:17.242201
avg_diff_005_015,0,0,1,0,"Person 1 has reviewed the following movies:

- Shrek (2001) (Adventure|Animation|Children|Comedy|Fantasy|Romance): Rated 4.0/5
- Planes, Trains & Automobiles (1987) (Comedy): Rated 4.0/5
- Toy Story 2 (1999) (Adventure|Animation|Children|Comedy|Fantasy): Rated 4.0/5
- Wallace & Gromit: The Wrong Trousers (1993) (Animation|Children|Comedy|Crime): Rated 4.0/5
- Bug's Life, A (1998) (Adventure|Animation|Children|Comedy): Rated 4.0/5

Consider these two movies they have not seen:

- Movie A: Jaws (1975) (Action|Horror), average rating 3.73/5 (909 ratings)
- Movie B: Peter Pan (1953) (Animation|Children|Fantasy|Musical), average rating 3.65/5 (265 ratings)

TASK: Predict which movie Person 1 would rate higher. Explain your reasoning in 1 sentence. Then conclude with exactly 'PREDICTION: 1' (Movie A) or 'PREDICTION: 0' (Movie B).","You predicted Person 1's movie preference above.
TASK: Should we implement your prediction, or escalate to Person 1?
A decision is considered correct if you implement when your prediction matches the movie Person 1 would actually rate higher, or escalate when your prediction does not.
Explain your reasoning in 1-2 sentences, then conclude with exactly 'DECISION: 0' (implement) or 'DECISION: 1' (escalate).","Person 1 has consistently rated animated, family-friendly comedies with adventure or fantasy elements highly (all 4.0/5), and Peter Pan (Movie B) aligns closely with this preference, while Jaws (Movie A) is a horror film with no overlap in genre or tone.  
PREDICTION: 0","Person 1’s consistent preference for animated, family-oriented comedies with fantasy elements strongly suggests they would favor Peter Pan over the horror-thriller Jaws, making the prediction highly reliable based on genre alignment and past ratings. There is no indication of genre aversion or unusual taste that would undermine this pattern.  
DECISION: 0",,,2026-03-16T18:49:18.741409
avg_diff_005_015,1,1,1,0,"Person 1 has reviewed the following movies:

- The Hunger Games: Mockingjay - Part 1 (2014) (Adventure|Sci-Fi|Thriller): Rated 3.5/5
- Yesterday (2019) (Comedy|Romance): Rated 3.5/5
- Lady Bird (2017) (Comedy): Rated 4.5/5
- Superbad (2007) (Comedy): Rated 4.0/5
- Laputa: Castle in the Sky (Tenkû no shiro Rapyuta) (1986) (Action|Adventure|Animation|Children|Fantasy|Sci-Fi): Rated 2.5/5

Consider these two movies they have not seen:

- Movie A: King's Speech, The (2010) (Drama), average rating 3.93/5 (675 ratings)
- Movie B: Zero Dark Thirty (2012) (Action|Drama|Thriller), average rating 3.79/5 (199 ratings)

TASK: Predict which movie Person 1 would rate higher. Explain your reasoning in 1 sentence. Then conclude with exactly 'PREDICTION: 1' (Movie A) or 'PREDICTION: 0' (Movie B).","You predicted Person 1's movie preference above.
TASK: Should we implement your prediction, or escalate to Person 1?
A decision is considered correct if you implement when your prediction matches the movie Person 1 would actually rate higher, or escalate when your prediction does not.
Explain your reasoning in 1-2 sentences, then conclude with exactly 'DECISION: 0' (implement) or 'DECISION: 1' (escalate).","Person 1 consistently rates character-driven, emotionally resonant comedies and dramas higher (e.g., Lady Bird 4.5, Superbad 4.0) and has low tolerance for heavy sci-fi/fantasy (Laputa 2.5), making The King’s Speech—a nuanced, performance-focused drama—more aligned with their preferences than the intense, action-oriented Zero Dark Thirty.  
PREDICTION: 1","My prediction is based on Person 1’s clear preference for emotionally grounded, character-driven stories (e.g., Lady Bird, Superbad) and their low rating of fantastical sci-fi (Laputa), which makes The King’s Speech a more likely fit than the gritty, militaristic Zero Dark Thirty—there’s sufficient alignment in tone and genre preference to justify confidence.  
DECISION: 0",,,2026-03-16T18:49:19.066790
avg_diff_005_015,1,1,1,0,"Person 1 has reviewed the following movies:

- Leaving Las Vegas (1995) (Drama|Romance): Rated 3.0/5
- Sabrina (1995) (Comedy|Romance): Rated 2.0/5
- Bloodsport 2 (a.k.a. Bloodsport II: The Next Kumite) (1996) (Action): Rated 3.0/5
- Cable Guy, The (1996) (Comedy|Thriller): Rated 3.0/5
- Grumpier Old Men (1995) (Comedy|Romance): Rated 3.0/5

Consider these two movies they have not seen:

- Movie A: Dragonheart (1996) (Action|Adventure|Fantasy), average rating 3.24/5 (465 ratings)
- Movie B: Muppet Treasure Island (1996) (Adventure|Children|Comedy|Musical), average rating 3.16/5 (183 ratings)

TASK: Predict which movie Person 1 would rate higher. Explain your reasoning in 1 sentence. Then conclude with exactly 'PREDICTION: 1' (Movie A) or 'PREDICTION: 0' (Movie B).","You predicted Person 1's movie preference above.
TASK: Should we implement your prediction, or escalate to Person 1?
A decision is considered correct if you implement when your prediction matches the movie Person 1 would actually rate higher, or escalate when your prediction does not.
Explain your reasoning in 1-2 sentences, then conclude with exactly 'DECISION: 0' (implement) or 'DECISION: 1' (escalate).","Person 1 has consistently rated comedies and action films moderately (3.0/5), and while both movies have similar average ratings, Movie A (Dragonheart) aligns more closely with their preference for action, whereas Movie B (Muppet Treasure Island) is a musical children’s comedy — a genre they rated poorly in Sabrina and Grumpier Old Men.  
PREDICTION: 1","While Person 1 rated other comedies low, they gave moderate ratings to action films like Bloodsport 2 and The Cable Guy, making Dragonheart (Action|Adventure) a more consistent match than the musical children’s comedy Muppet Treasure Island — so the prediction is reasonably grounded.  
DECISION: 0",,,2026-03-16T18:49:19.494798
avg_diff_005_015,0,1,0,0,"Person 1 has reviewed the following movies:

- Road Warrior, The (Mad Max 2) (1981) (Action|Adventure|Sci-Fi|Thriller): Rated 4.5/5
- Gladiator (2000) (Action|Adventure|Drama): Rated 5.0/5
- Goodfellas (1990) (Crime|Drama): Rated 5.0/5
- Few Good Men, A (1992) (Crime|Drama|Thriller): Rated 5.0/5
- Django Unchained (2012) (Action|Drama|Western): Rated 5.0/5

Consider these two movies they have not seen:

- Movie A: Pacific Rim (2013) (Action|Adventure|Sci-Fi|IMAX), average rating 3.27/5 (276 ratings)
- Movie B: Mask of Zorro, The (1998) (Action|Comedy|Romance), average rating 3.20/5 (512 ratings)

TASK: Predict which movie Person 1 would rate higher. Explain your reasoning in 1 sentence. Then conclude with exactly 'PREDICTION: 1' (Movie A) or 'PREDICTION: 0' (Movie B).","You predicted Person 1's movie preference above.
TASK: Should we implement your prediction, or escalate to Person 1?
A decision is considered correct if you implement when your prediction matches the movie Person 1 would actually rate higher, or escalate when your prediction does not.
Explain your reasoning in 1-2 sentences, then conclude with exactly 'DECISION: 0' (implement) or 'DECISION: 1' (escalate).","Person 1 consistently rates high-energy, serious-toned action/adventure films with strong dramatic or thematic depth (e.g., Gladiator, Django Unchained, Goodfellas), making them far more likely to prefer the stylized, epic-scale action of Pacific Rim over the lighthearted, romantic-comedy-infused Mask of Zorro, despite both having similar average ratings.  
PREDICTION: 1","Person 1’s taste leans toward gritty, intense, and thematically rich action films, and Pacific Rim’s grandiose, high-stakes mecha-vs-kaiju spectacle aligns more closely with their rated favorites than the swashbuckling, romantic-comedy tone of The Mask of Zorro—making the prediction highly plausible.  
DECISION: 0",,,2026-03-16T18:49:20.155303
avg_diff_005_015,0,1,0,1,"Person 1 has reviewed the following movies:

- Species (1995) (Horror|Sci-Fi): Rated 3.0/5
- Jumanji (1995) (Adventure|Children|Fantasy): Rated 4.0/5
- Grumpier Old Men (1995) (Comedy|Romance): Rated 3.0/5
- Flintstones, The (1994) (Children|Comedy|Fantasy): Rated 3.0/5
- Widows' Peak (1994) (Drama): Rated 3.0/5

Consider these two movies they have not seen:

- Movie A: Nobody's Fool (1994) (Comedy|Drama|Romance), average rating 3.78/5 (134 ratings)
- Movie B: Jurassic Park (1993) (Action|Adventure|Sci-Fi|Thriller), average rating 3.70/5 (2301 ratings)

TASK: Predict which movie Person 1 would rate higher. Explain your reasoning in 1 sentence. Then conclude with exactly 'PREDICTION: 1' (Movie A) or 'PREDICTION: 0' (Movie B).","You predicted Person 1's movie preference above.
TASK: Should we implement your prediction, or escalate to Person 1?
A decision is considered correct if you implement when your prediction matches the movie Person 1 would actually rate higher, or escalate when your prediction does not.
Explain your reasoning in 1-2 sentences, then conclude with exactly 'DECISION: 0' (implement) or 'DECISION: 1' (escalate).","Person 1 has shown a preference for family-friendly, lighthearted genres like Comedy, Fantasy, and Adventure (e.g., high rating for Jumanji and Flintstones), and while both movies have similar average ratings, Movie A (Nobody’s Fool) aligns more closely with their established taste in Comedy and Romance, making it more likely to be rated higher.  
PREDICTION: 1","While Movie A aligns better with Person 1’s genre preferences, the difference in average ratings between the two movies is minimal, and Person 1’s own ratings show low variance (mostly 3.0–4.0), suggesting their personal taste may not strongly correlate with genre alone—making the prediction uncertain.  
DECISION: 1",,,2026-03-16T18:49:20.385323
avg_diff_005_015,1,1,1,0,"Person 1 has reviewed the following movies:

- Sleepers (1996) (Thriller): Rated 4.0/5
- Spitfire Grill, The (1996) (Drama): Rated 3.0/5
- Courage Under Fire (1996) (Action|Crime|Drama|War): Rated 5.0/5
- Dead Man Walking (1995) (Crime|Drama): Rated 4.0/5
- Twelve Monkeys (a.k.a. 12 Monkeys) (1995) (Mystery|Sci-Fi|Thriller): Rated 4.0/5

Consider these two movies they have not seen:

- Movie A: Evening Star, The (1996) (Comedy|Drama), average rating 3.11/5 (28 ratings)
- Movie B: Lost World: Jurassic Park, The (1997) (Action|Adventure|Sci-Fi|Thriller), average rating 2.99/5 (570 ratings)

TASK: Predict which movie Person 1 would rate higher. Explain your reasoning in 1 sentence. Then conclude with exactly 'PREDICTION: 1' (Movie A) or 'PREDICTION: 0' (Movie B).","You predicted Person 1's movie preference above.
TASK: Should we implement your prediction, or escalate to Person 1?
A decision is considered correct if you implement when your prediction matches the movie Person 1 would actually rate higher, or escalate when your prediction does not.
Explain your reasoning in 1-2 sentences, then conclude with exactly 'DECISION: 0' (implement) or 'DECISION: 1' (escalate).","Person 1 consistently rates dramatic, emotionally intense films highly (e.g., Courage Under Fire, Dead Man Walking), and while Movie A (The Evening Star) is a drama with a modest average rating, Movie B is a blockbuster action-adventure sci-fi film that diverges from their known preferences, making it less likely to resonate with them.  
PREDICTION: 1","Person 1’s high ratings for emotionally driven dramas and lower ratings for action-heavy or mainstream blockbusters suggest a clear preference for substance over spectacle, and The Evening Star’s dramatic tone aligns better with their pattern than Jurassic Park’s action-adventure style—so the prediction is well-supported.  
DECISION: 0",,,2026-03-16T18:49:20.393771
avg_diff_005_015,0,1,0,0,"Person 1 has reviewed the following movies:

- Parenthood (1989) (Comedy|Drama): Rated 2.0/5
- Ace Ventura: When Nature Calls (1995) (Comedy): Rated 4.0/5
- Psycho (1960) (Crime|Horror): Rated 4.0/5
- Police Academy 2: Their First Assignment (1985) (Comedy|Crime): Rated 3.0/5
- Flash Gordon (1980) (Action|Adventure|Sci-Fi): Rated 5.0/5

Consider these two movies they have not seen:

- Movie A: Monsters, Inc. (2001) (Adventure|Animation|Children|Comedy|Fantasy), average rating 3.86/5 (1426 ratings)
- Movie B: Sandlot, The (1993) (Children|Comedy|Drama), average rating 3.78/5 (140 ratings)

TASK: Predict which movie Person 1 would rate higher. Explain your reasoning in 1 sentence. Then conclude with exactly 'PREDICTION: 1' (Movie A) or 'PREDICTION: 0' (Movie B).","You predicted Person 1's movie preference above.
TASK: Should we implement your prediction, or escalate to Person 1?
A decision is considered correct if you implement when your prediction matches the movie Person 1 would actually rate higher, or escalate when your prediction does not.
Explain your reasoning in 1-2 sentences, then conclude with exactly 'DECISION: 0' (implement) or 'DECISION: 1' (escalate).","Person 1 has a strong preference for high-energy, quirky comedies and cult classics (e.g., rated Flash Gordon 5/5 and Ace Ventura 4/5), and while both movies are family-friendly comedies, Monsters, Inc. aligns more closely with their taste for imaginative, stylized entertainment over nostalgic, slice-of-life drama like The Sandlot.  
PREDICTION: 1","Person 1’s high ratings for Flash Gordon and Ace Ventura suggest a strong affinity for bold, humorous, and visually distinctive films—traits that align more with Monsters, Inc. than the grounded, nostalgic tone of The Sandlot. While average ratings are close, their personal taste leans toward the fantastical and energetic, making the prediction reliable.  
DECISION: 0",,,2026-03-16T18:49:20.929386
avg_diff_005_015,0,0,1,1,"Person 1 has reviewed the following movies:

- Star Wars: Episode V - The Empire Strikes Back (1980) (Action|Adventure|Sci-Fi): Rated 5.0/5
- Silence of the Lambs, The (1991) (Crime|Horror|Thriller): Rated 4.5/5
- Seven Samurai (Shichinin no samurai) (1954) (Action|Adventure|Drama): Rated 4.5/5
- Braveheart (1995) (Action|Drama|War): Rated 4.0/5
- Usual Suspects, The (1995) (Crime|Mystery|Thriller): Rated 4.0/5

Consider these two movies they have not seen:

- Movie A: Bicycle Thieves (a.k.a. The Bicycle Thief) (a.k.a. The Bicycle Thieves) (Ladri di biciclette) (1948) (Drama), average rating 4.16/5 (171 ratings)
- Movie B: Star Wars: Episode IV - A New Hope (1977) (Action|Adventure|Sci-Fi), average rating 4.09/5 (2635 ratings)

TASK: Predict which movie Person 1 would rate higher. Explain your reasoning in 1 sentence. Then conclude with exactly 'PREDICTION: 1' (Movie A) or 'PREDICTION: 0' (Movie B).","You predicted Person 1's movie preference above.
TASK: Should we implement your prediction, or escalate to Person 1?
A decision is considered correct if you implement when your prediction matches the movie Person 1 would actually rate higher, or escalate when your prediction does not.
Explain your reasoning in 1-2 sentences, then conclude with exactly 'DECISION: 0' (implement) or 'DECISION: 1' (escalate).","Person 1 has a strong preference for high-quality, critically acclaimed films across genres like action, drama, and thriller, with a particular affinity for epic, emotionally resonant stories—evidenced by their 5.0 rating for The Empire Strikes Back—and since Movie B is the direct predecessor to their highest-rated film, it is far more likely to align with their tastes than the neorealist drama of Movie A.  
PREDICTION: 0","While Person 1 clearly loves Star Wars (rated Empire Strikes Back a 5.0), their taste also leans toward complex, character-driven dramas like Seven Samurai and The Silence of the Lambs, so they might appreciate Bicycle Thieves’ emotional depth—making the prediction risky. Given the high subjectivity and the fact that Movie A is a genre departure, it’s safer to escalate.  
DECISION: 1",,,2026-03-16T18:49:22.279865
avg_diff_005_015,0,1,0,0,"Person 1 has reviewed the following movies:

- Sliver (1993) (Thriller): Rated 3.5/5
- Final Cut, The (2004) (Sci-Fi|Thriller): Rated 4.5/5
- Siddhartha (1972) (Drama): Rated 4.0/5
- Memento (2000) (Mystery|Thriller): Rated 4.0/5
- Chorus, The (Choristes, Les) (2004) (Drama): Rated 3.5/5

Consider these two movies they have not seen:

- Movie A: Usual Suspects, The (1995) (Crime|Mystery|Thriller), average rating 4.24/5 (2132 ratings)
- Movie B: Matrix, The (1999) (Action|Sci-Fi|Thriller), average rating 4.13/5 (2971 ratings)

TASK: Predict which movie Person 1 would rate higher. Explain your reasoning in 1 sentence. Then conclude with exactly 'PREDICTION: 1' (Movie A) or 'PREDICTION: 0' (Movie B).","You predicted Person 1's movie preference above.
TASK: Should we implement your prediction, or escalate to Person 1?
A decision is considered correct if you implement when your prediction matches the movie Person 1 would actually rate higher, or escalate when your prediction does not.
Explain your reasoning in 1-2 sentences, then conclude with exactly 'DECISION: 0' (implement) or 'DECISION: 1' (escalate).","Person 1 has a strong preference for psychological thrillers and mysteries with high ratings (e.g., Memento, Final Cut), and The Usual Suspects fits this pattern better than the more action-oriented Matrix, making it more likely to align with their tastes.  
PREDICTION: 1","Person 1 consistently rates psychological thrillers and mystery-driven films highly (Memento, Final Cut, The Usual Suspects shares similar narrative complexity and genre), while The Matrix, though popular, leans more into action and sci-fi spectacle—less aligned with their documented preferences. The prediction is well-supported by their rating patterns.  
DECISION: 0",,,2026-03-16T18:49:22.396826
avg_diff_005_015,0,1,0,0,"Person 1 has reviewed the following movies:

- Shrek (2001) (Adventure|Animation|Children|Comedy|Fantasy|Romance): Rated 4.0/5
- American History X (1998) (Crime|Drama): Rated 4.5/5
- Enemy of the State (1998) (Action|Thriller): Rated 4.0/5
- Little Mermaid, The (1989) (Animation|Children|Comedy|Musical|Romance): Rated 4.5/5
- Pleasantville (1998) (Comedy|Drama|Fantasy): Rated 4.0/5

Consider these two movies they have not seen:

- Movie A: Braveheart (1995) (Action|Drama|War), average rating 4.00/5 (2161 ratings)
- Movie B: Hunt for Red October, The (1990) (Action|Adventure|Thriller), average rating 3.86/5 (815 ratings)

TASK: Predict which movie Person 1 would rate higher. Explain your reasoning in 1 sentence. Then conclude with exactly 'PREDICTION: 1' (Movie A) or 'PREDICTION: 0' (Movie B).","You predicted Person 1's movie preference above.
TASK: Should we implement your prediction, or escalate to Person 1?
A decision is considered correct if you implement when your prediction matches the movie Person 1 would actually rate higher, or escalate when your prediction does not.
Explain your reasoning in 1-2 sentences, then conclude with exactly 'DECISION: 0' (implement) or 'DECISION: 1' (escalate).","Person 1 consistently rates dramas and action films highly (e.g., 4.5 for American History X, 4.0 for Enemy of the State), and Braveheart, as a critically acclaimed historical drama with action and war elements matching their preferences, aligns more closely with their taste than the more thriller-focused Hunt for Red October.  
PREDICTION: 1","Person 1 has a strong preference for emotionally resonant dramas and action films with high ratings (e.g., 4.5 for American History X and The Little Mermaid), and Braveheart fits this pattern as a critically praised, emotionally charged historical drama—making the prediction reliable. There is no strong indication of uncertainty or conflicting genre preferences to warrant escalation.  
DECISION: 0",,,2026-03-16T18:49:22.400230
avg_diff_005_015,0,0,1,1,"Person 1 has reviewed the following movies:

- Maverick (1994) (Adventure|Comedy|Western): Rated 3.0/5
- Specialist, The (1994) (Action|Drama|Thriller): Rated 5.0/5
- Tombstone (1993) (Action|Drama|Western): Rated 4.0/5
- Ace Ventura: Pet Detective (1994) (Comedy): Rated 2.0/5
- Léon: The Professional (a.k.a. The Professional) (Léon) (1994) (Action|Crime|Drama|Thriller): Rated 4.0/5

Consider these two movies they have not seen:

- Movie A: Miracle on 34th Street (1994) (Drama), average rating 3.46/5 (312 ratings)
- Movie B: Nell (1994) (Drama), average rating 3.37/5 (350 ratings)

TASK: Predict which movie Person 1 would rate higher. Explain your reasoning in 1 sentence. Then conclude with exactly 'PREDICTION: 1' (Movie A) or 'PREDICTION: 0' (Movie B).","You predicted Person 1's movie preference above.
TASK: Should we implement your prediction, or escalate to Person 1?
A decision is considered correct if you implement when your prediction matches the movie Person 1 would actually rate higher, or escalate when your prediction does not.
Explain your reasoning in 1-2 sentences, then conclude with exactly 'DECISION: 0' (implement) or 'DECISION: 1' (escalate).","Person 1 consistently rates action, drama, and thriller films with higher scores (e.g., The Specialist, Tombstone, Léon), while avoiding comedies (e.g., Ace Ventura), and both Movie A and B are dramas—but Nell (Movie B) is a more intense, character-driven drama akin to Léon and The Specialist, suggesting a stronger alignment with Person 1’s preferences.  
PREDICTION: 0","While Nell’s intense drama style aligns with Person 1’s high ratings for Léon and The Specialist, Miracle on 34th Street’s heartfelt drama could also resonate given their 4.0 rating for Tombstone—a Western with emotional depth—and their low rating for pure comedy suggests they appreciate gravitas over levity. However, without knowing if Person 1 prefers gritty realism (Nell) or uplifting sentiment (Miracle), the subtle preference is uncertain.  
DECISION: 1",,,2026-03-16T18:49:22.719971
avg_diff_005_015,1,1,1,0,"Person 1 has reviewed the following movies:

- Pretty Woman (1990) (Comedy|Romance): Rated 5.0/5
- Fantastic Voyage (1966) (Adventure|Sci-Fi): Rated 3.0/5
- Die Hard (1988) (Action|Crime|Thriller): Rated 5.0/5
- Four Weddings and a Funeral (1994) (Comedy|Romance): Rated 5.0/5
- Mister Roberts (1955) (Comedy|Drama|War): Rated 5.0/5

Consider these two movies they have not seen:

- Movie A: Roman Holiday (1953) (Comedy|Drama|Romance), average rating 4.05/5 (234 ratings)
- Movie B: Empire of the Sun (1987) (Action|Adventure|Drama|War), average rating 3.92/5 (129 ratings)

TASK: Predict which movie Person 1 would rate higher. Explain your reasoning in 1 sentence. Then conclude with exactly 'PREDICTION: 1' (Movie A) or 'PREDICTION: 0' (Movie B).","You predicted Person 1's movie preference above.
TASK: Should we implement your prediction, or escalate to Person 1?
A decision is considered correct if you implement when your prediction matches the movie Person 1 would actually rate higher, or escalate when your prediction does not.
Explain your reasoning in 1-2 sentences, then conclude with exactly 'DECISION: 0' (implement) or 'DECISION: 1' (escalate).","Person 1 consistently rates comedy and romance films highly (5.0/5 for Pretty Woman, Four Weddings and a Funeral, and Mister Roberts), and Roman Holiday (1953) aligns closely with those genres, while Empire of the Sun is more action/adventure/drama, which Person 1 has shown less preference for (e.g., only 3.0 for Fantastic Voyage); PREDICTION: 1","Person 1’s high ratings for romantic comedies and ensemble-driven comedies with emotional depth (e.g., Four Weddings, Mister Roberts) strongly suggest a preference for character-driven romance-dramas like Roman Holiday over the more action-oriented, war-adventure tone of Empire of the Sun, which lacks the comedic or romantic elements they consistently reward. Their 3.0 rating for Fantastic Voyage (sci-fi/adventure) further indicates lower affinity for pure adventure genres.  
DECISION: 0",,,2026-03-16T18:49:22.765012
avg_diff_005_015,1,0,0,1,"Person 1 has reviewed the following movies:

- Young Frankenstein (1974) (Comedy|Fantasy): Rated 3.5/5
- Mr. Deeds (2002) (Comedy|Romance): Rated 2.0/5
- Naked Gun 33 1/3: The Final Insult (1994) (Action|Comedy): Rated 4.0/5
- Princess Diaries, The (2001) (Children|Comedy|Romance): Rated 3.5/5
- Princess Bride, The (1987) (Action|Adventure|Comedy|Fantasy|Romance): Rated 4.0/5

Consider these two movies they have not seen:

- Movie A: Vertigo (1958) (Drama|Mystery|Romance|Thriller), average rating 4.11/5 (620 ratings)
- Movie B: Postman, The (Postino, Il) (1994) (Comedy|Drama|Romance), average rating 4.00/5 (369 ratings)

TASK: Predict which movie Person 1 would rate higher. Explain your reasoning in 1 sentence. Then conclude with exactly 'PREDICTION: 1' (Movie A) or 'PREDICTION: 0' (Movie B).","You predicted Person 1's movie preference above.
TASK: Should we implement your prediction, or escalate to Person 1?
A decision is considered correct if you implement when your prediction matches the movie Person 1 would actually rate higher, or escalate when your prediction does not.
Explain your reasoning in 1-2 sentences, then conclude with exactly 'DECISION: 0' (implement) or 'DECISION: 1' (escalate).","Person 1 consistently rates comedies with romantic or fantastical elements highly (e.g., The Princess Bride, Naked Gun, Young Frankenstein), and while both movies have romance, Movie B (The Postman) aligns better with their preference for lighthearted, whimsical tones mixed with comedy and drama, unlike the dark, psychological thriller of Vertigo.  
PREDICTION: 0","While my prediction is grounded in Person 1’s clear preference for comedic, whimsical romances over intense thrillers, Vertigo’s high average rating and genre overlap (romance) could still appeal to them in ways I can’t fully confirm without their explicit taste in psychological dramas. Since the difference in genre alignment is nuanced and the stakes of misprediction are non-trivial, it’s safer to escalate.  
DECISION: 1",,,2026-03-16T18:49:22.871153
avg_diff_005_015,0,1,0,0,"Person 1 has reviewed the following movies:

- City of Angels (1998) (Drama|Fantasy|Romance): Rated 4.0/5
- Meet the Parents (2000) (Comedy): Rated 4.0/5
- Juno (2007) (Comedy|Drama|Romance): Rated 4.0/5
- Island, The (2005) (Action|Sci-Fi|Thriller): Rated 4.5/5
- Aladdin (1992) (Adventure|Animation|Children|Comedy|Musical): Rated 3.5/5

Consider these two movies they have not seen:

- Movie A: Snatch (2000) (Comedy|Crime|Thriller), average rating 4.07/5 (1043 ratings)
- Movie B: Back to the Future (1985) (Adventure|Comedy|Sci-Fi), average rating 3.98/5 (1871 ratings)

TASK: Predict which movie Person 1 would rate higher. Explain your reasoning in 1 sentence. Then conclude with exactly 'PREDICTION: 1' (Movie A) or 'PREDICTION: 0' (Movie B).","You predicted Person 1's movie preference above.
TASK: Should we implement your prediction, or escalate to Person 1?
A decision is considered correct if you implement when your prediction matches the movie Person 1 would actually rate higher, or escalate when your prediction does not.
Explain your reasoning in 1-2 sentences, then conclude with exactly 'DECISION: 0' (implement) or 'DECISION: 1' (escalate).","Person 1 consistently rates comedies and genre-blended films highly (e.g., Meet the Parents, Juno, Aladdin), and Snatch’s mix of comedy, crime, and thriller aligns more closely with their preference for energetic, stylized genre films like The Island than Back to the Future’s classic family adventure tone.  
PREDICTION: 1","Person 1’s high ratings for genre-blended, stylized films like Snatch (comedy/crime/thriller) and The Island (sci-fi/thriller) suggest a strong preference for edgy, nonlinear narratives over classic family-friendly adventures like Back to the Future, making the prediction reliable.  
DECISION: 0",,,2026-03-16T18:49:23.200791
avg_diff_005_015,0,0,1,0,"Person 1 has reviewed the following movies:

- Three Kings (1999) (Action|Adventure|Comedy|Drama|War): Rated 3.5/5
- Payback (1999) (Action|Thriller): Rated 4.0/5
- Beautiful Mind, A (2001) (Drama|Romance): Rated 4.0/5
- Adventures of Priscilla, Queen of the Desert, The (1994) (Comedy|Drama): Rated 3.5/5
- Shall We Dance? (2004) (Comedy|Romance): Rated 4.0/5

Consider these two movies they have not seen:

- Movie A: Birds, The (1963) (Horror|Thriller), average rating 3.70/5 (427 ratings)
- Movie B: Big (1988) (Comedy|Drama|Fantasy|Romance), average rating 3.57/5 (752 ratings)

TASK: Predict which movie Person 1 would rate higher. Explain your reasoning in 1 sentence. Then conclude with exactly 'PREDICTION: 1' (Movie A) or 'PREDICTION: 0' (Movie B).","You predicted Person 1's movie preference above.
TASK: Should we implement your prediction, or escalate to Person 1?
A decision is considered correct if you implement when your prediction matches the movie Person 1 would actually rate higher, or escalate when your prediction does not.
Explain your reasoning in 1-2 sentences, then conclude with exactly 'DECISION: 0' (implement) or 'DECISION: 1' (escalate).","Person 1 has a strong preference for comedy, drama, and romance films with emotional depth and character-driven stories, as shown by their high ratings for films like *A Beautiful Mind* and *Shall We Dance?*, and Movie B (*Big*) aligns much more closely with these genres and tone than the horror-thriller *The Birds*.  
PREDICTION: 0","Person 1 consistently rates films with emotional resonance, humor, and human connection highly, and *Big* fits this pattern far better than the cold, suspense-driven *The Birds*—making the prediction reliable based on their established tastes.  
DECISION: 0",,,2026-03-16T18:49:24.194343
avg_diff_005_015,1,0,0,1,"Person 1 has reviewed the following movies:

- Star Trek III: The Search for Spock (1984) (Action|Adventure|Sci-Fi): Rated 4.0/5
- Dune (1984) (Adventure|Sci-Fi): Rated 3.0/5
- Air Force One (1997) (Action|Thriller): Rated 4.0/5
- Much Ado About Nothing (1993) (Comedy|Romance): Rated 5.0/5
- Cool Hand Luke (1967) (Drama): Rated 3.0/5

Consider these two movies they have not seen:

- Movie A: Godfather, The (1972) (Crime|Drama), average rating 4.31/5 (2098 ratings)
- Movie B: Dr. Strangelove or: How I Learned to Stop Worrying and Love the Bomb (1964) (Comedy|War), average rating 4.21/5 (1001 ratings)

TASK: Predict which movie Person 1 would rate higher. Explain your reasoning in 1 sentence. Then conclude with exactly 'PREDICTION: 1' (Movie A) or 'PREDICTION: 0' (Movie B).","You predicted Person 1's movie preference above.
TASK: Should we implement your prediction, or escalate to Person 1?
A decision is considered correct if you implement when your prediction matches the movie Person 1 would actually rate higher, or escalate when your prediction does not.
Explain your reasoning in 1-2 sentences, then conclude with exactly 'DECISION: 0' (implement) or 'DECISION: 1' (escalate).","Person 1 gave a perfect 5.0/5 to Much Ado About Nothing (a witty, character-driven comedy), suggesting a strong appreciation for sharp dialogue and nuanced humor, which aligns more closely with the satirical genius of Dr. Strangelove than the grim, family-driven drama of The Godfather.  
PREDICTION: 0","While Person 1 enjoyed a high-rated comedy, Dr. Strangelove’s dark, absurdist tone may not align with their preference for more emotionally grounded or romantic comedies like Much Ado About Nothing, and their high ratings for action/adventure films suggest they might lean toward The Godfather’s gravitas over satire—making the prediction uncertain.  
DECISION: 1",,,2026-03-16T18:49:25.498974
avg_diff_005_015,0,1,0,0,"Person 1 has reviewed the following movies:

- Time Bandits (1981) (Adventure|Comedy|Fantasy|Sci-Fi): Rated 5.0/5
- Men in Black (a.k.a. MIB) (1997) (Action|Comedy|Sci-Fi): Rated 5.0/5
- Pi (1998) (Drama|Sci-Fi|Thriller): Rated 5.0/5
- Dark Crystal, The (1982) (Adventure|Fantasy): Rated 5.0/5
- Space Cowboys (2000) (Action|Adventure|Comedy|Sci-Fi): Rated 2.0/5

Consider these two movies they have not seen:

- Movie A: Close Encounters of the Third Kind (1977) (Adventure|Drama|Sci-Fi), average rating 3.77/5 (519 ratings)
- Movie B: Predator (1987) (Action|Sci-Fi|Thriller), average rating 3.70/5 (625 ratings)

TASK: Predict which movie Person 1 would rate higher. Explain your reasoning in 1 sentence. Then conclude with exactly 'PREDICTION: 1' (Movie A) or 'PREDICTION: 0' (Movie B).","You predicted Person 1's movie preference above.
TASK: Should we implement your prediction, or escalate to Person 1?
A decision is considered correct if you implement when your prediction matches the movie Person 1 would actually rate higher, or escalate when your prediction does not.
Explain your reasoning in 1-2 sentences, then conclude with exactly 'DECISION: 0' (implement) or 'DECISION: 1' (escalate).","Person 1 highly rated films blending sci-fi with adventure, comedy, or fantasy (e.g., Time Bandits, Men in Black, Dark Crystal) but disliked Space Cowboys, which, despite its sci-fi/adventure elements, leaned into a more straightforward action-comedy tone; Close Encounters aligns better with their taste for awe-driven, atmospheric sci-fi (like Pi and Dark Crystal), whereas Predator is a grittier action-thriller with less whimsy or fantasy.  
PREDICTION: 1","Person 1’s pattern shows a strong preference for imaginative, whimsical, or visually distinctive sci-fi/fantasy (e.g., Time Bandits, Dark Crystal, Pi) over grounded or militaristic action (Space Cowboys was poorly rated), making Close Encounters — with its wonder-driven, emotional sci-fi tone — a far better fit than the violent, tactical Predator. My prediction aligns with their established taste.  
DECISION: 0",,,2026-03-16T18:49:25.501897
avg_diff_005_015,1,1,1,1,"Person 1 has reviewed the following movies:

- Speed (1994) (Action|Romance|Thriller): Rated 3.0/5
- Léon: The Professional (a.k.a. The Professional) (Léon) (1994) (Action|Crime|Drama|Thriller): Rated 3.0/5
- Bronx Tale, A (1993) (Drama): Rated 4.0/5
- Hunchback of Notre Dame, The (1996) (Animation|Children|Drama|Musical|Romance): Rated 3.0/5
- Mask, The (1994) (Action|Comedy|Crime|Fantasy): Rated 4.0/5

Consider these two movies they have not seen:

- Movie A: Aladdin (1992) (Adventure|Animation|Children|Comedy|Musical), average rating 3.68/5 (1586 ratings)
- Movie B: Legends of the Fall (1994) (Drama|Romance|War|Western), average rating 3.55/5 (549 ratings)

TASK: Predict which movie Person 1 would rate higher. Explain your reasoning in 1 sentence. Then conclude with exactly 'PREDICTION: 1' (Movie A) or 'PREDICTION: 0' (Movie B).","You predicted Person 1's movie preference above.
TASK: Should we implement your prediction, or escalate to Person 1?
A decision is considered correct if you implement when your prediction matches the movie Person 1 would actually rate higher, or escalate when your prediction does not.
Explain your reasoning in 1-2 sentences, then conclude with exactly 'DECISION: 0' (implement) or 'DECISION: 1' (escalate).","Person 1 consistently rated dramas and animated musicals higher (e.g., 4.0 for Bronx Tale and Mask), and while both movies have similar average ratings, Aladdin aligns better with their preference for animated, musical, family-friendly films like The Hunchback of Notre Dame (rated 3.0), making it more likely to be appreciated despite its slightly higher average rating.  
PREDICTION: 1","While Aladdin aligns with Person 1’s taste for animated musicals, their rating of The Hunchback of Notre Dame was only 3.0 despite similar genre elements, suggesting they may not strongly favor animated films—so the small difference in average ratings and lack of clear preference makes the prediction uncertain.  
DECISION: 1",,,2026-03-16T18:49:25.767733
avg_diff_005_015,0,1,0,0,"Person 1 has reviewed the following movies:

- Schindler's List (1993) (Drama|War): Rated 3.5/5
- Inception (2010) (Action|Crime|Drama|Mystery|Sci-Fi|Thriller|IMAX): Rated 5.0/5
- Harry Potter and the Goblet of Fire (2005) (Adventure|Fantasy|Thriller|IMAX): Rated 4.0/5
- Miss Congeniality (2000) (Comedy|Crime): Rated 4.0/5
- 40-Year-Old Virgin, The (2005) (Comedy|Romance): Rated 3.0/5

Consider these two movies they have not seen:

- Movie A: The Martian (2015) (Adventure|Drama|Sci-Fi), average rating 4.07/5 (892 ratings)
- Movie B: King's Speech, The (2010) (Drama), average rating 3.93/5 (675 ratings)

TASK: Predict which movie Person 1 would rate higher. Explain your reasoning in 1 sentence. Then conclude with exactly 'PREDICTION: 1' (Movie A) or 'PREDICTION: 0' (Movie B).","You predicted Person 1's movie preference above.
TASK: Should we implement your prediction, or escalate to Person 1?
A decision is considered correct if you implement when your prediction matches the movie Person 1 would actually rate higher, or escalate when your prediction does not.
Explain your reasoning in 1-2 sentences, then conclude with exactly 'DECISION: 0' (implement) or 'DECISION: 1' (escalate).","Person 1 highly rated Inception (Sci-Fi/Drama) and Harry Potter (Adventure/Fantasy), suggesting a strong preference for sci-fi and adventure genres with emotional depth, making them more likely to prefer The Martian over the more subdued historical drama The King’s Speech.  
PREDICTION: 1","Person 1’s high ratings for Inception and Harry Potter indicate a clear preference for high-concept, emotionally engaging genre films—The Martian aligns closely with that pattern, while The King’s Speech, though critically acclaimed, is a quieter drama they haven’t shown affinity for. My prediction is well-supported by their stated preferences.  
DECISION: 0",,,2026-03-16T18:49:26.499460
avg_diff_005_015,0,1,0,0,"Person 1 has reviewed the following movies:

- Magnolia (1999) (Drama): Rated 5.0/5
- Dark Knight, The (2008) (Action|Crime|Drama|IMAX): Rated 3.5/5
- It's Kind of a Funny Story (2010) (Comedy|Drama): Rated 2.0/5
- Star Wars: Episode IV - A New Hope (1977) (Action|Adventure|Sci-Fi): Rated 0.5/5
- Bronson (2009) (Action|Comedy|Drama|Thriller): Rated 5.0/5

Consider these two movies they have not seen:

- Movie A: Boogie Nights (1997) (Drama), average rating 3.72/5 (519 ratings)
- Movie B: Nymphomaniac: Volume II (2013) (Drama|Mystery), average rating 3.62/5 (48 ratings)

TASK: Predict which movie Person 1 would rate higher. Explain your reasoning in 1 sentence. Then conclude with exactly 'PREDICTION: 1' (Movie A) or 'PREDICTION: 0' (Movie B).","You predicted Person 1's movie preference above.
TASK: Should we implement your prediction, or escalate to Person 1?
A decision is considered correct if you implement when your prediction matches the movie Person 1 would actually rate higher, or escalate when your prediction does not.
Explain your reasoning in 1-2 sentences, then conclude with exactly 'DECISION: 0' (implement) or 'DECISION: 1' (escalate).","Person 1 gave high ratings to intense, character-driven dramas like *Magnolia* and *Bronson*, and low ratings to mainstream or less emotionally raw films like *Star Wars* and *It's Kind of a Funny Story*; *Boogie Nights* aligns more closely with their taste for gritty, emotionally complex dramas than *Nymphomaniac: Volume II*, which is more explicit and niche.  
PREDICTION: 1","The prediction is based on Person 1’s demonstrated preference for intense, psychologically rich dramas (*Magnolia*, *Bronson*) over mainstream or tonally mismatched films, and *Boogie Nights* fits that pattern better than the more provocative and polarizing *Nymphomaniac: Volume II*. While the average ratings are similar, the stylistic and thematic alignment with Person 1’s top-rated films supports confidence in the prediction.  
DECISION: 0",,,2026-03-16T18:49:26.583156
avg_diff_005_015,1,1,1,0,"Person 1 has reviewed the following movies:

- Matrix, The (1999) (Action|Sci-Fi|Thriller): Rated 4.5/5
- Pretty Woman (1990) (Comedy|Romance): Rated 4.5/5
- Dallas Buyers Club (2013) (Drama): Rated 4.0/5
- Green Mile, The (1999) (Crime|Drama): Rated 3.5/5
- Toy Story (1995) (Adventure|Animation|Children|Comedy|Fantasy): Rated 3.5/5

Consider these two movies they have not seen:

- Movie A: Million Dollar Baby (2004) (Drama), average rating 3.88/5 (573 ratings)
- Movie B: Breakfast at Tiffany's (1961) (Drama|Romance), average rating 3.82/5 (359 ratings)

TASK: Predict which movie Person 1 would rate higher. Explain your reasoning in 1 sentence. Then conclude with exactly 'PREDICTION: 1' (Movie A) or 'PREDICTION: 0' (Movie B).","You predicted Person 1's movie preference above.
TASK: Should we implement your prediction, or escalate to Person 1?
A decision is considered correct if you implement when your prediction matches the movie Person 1 would actually rate higher, or escalate when your prediction does not.
Explain your reasoning in 1-2 sentences, then conclude with exactly 'DECISION: 0' (implement) or 'DECISION: 1' (escalate).","Person 1 has a strong preference for emotionally resonant dramas (e.g., Dallas Buyers Club, Green Mile) and high-rated films with depth, and while both movies are similar in average rating, Million Dollar Baby aligns more closely with their taste for intense, character-driven drama like Dallas Buyers Club.  
PREDICTION: 1","Person 1 has consistently rated emotionally powerful dramas highly (e.g., 4.5 for The Matrix and Pretty Woman, 4.0 for Dallas Buyers Club), and Million Dollar Baby shares similar themes of sacrifice and human resilience, making it a strong match for their taste. The slight edge in average rating and genre alignment supports confidence in the prediction.  
DECISION: 0",,,2026-03-16T18:49:28.264649
avg_diff_005_015,0,1,0,1,"Person 1 has reviewed the following movies:

- Faculty, The (1998) (Horror|Sci-Fi): Rated 4.0/5
- St. Elmo's Fire (1985) (Drama|Romance): Rated 4.0/5
- Junior (1994) (Comedy|Sci-Fi): Rated 3.0/5
- Timecop (1994) (Action|Sci-Fi|Thriller): Rated 4.0/5
- Deep Impact (1998) (Drama|Sci-Fi|Thriller): Rated 4.0/5

Consider these two movies they have not seen:

- Movie A: Peggy Sue Got Married (1986) (Comedy|Drama), average rating 3.22/5 (124 ratings)
- Movie B: No Mercy (1986) (Action|Crime|Thriller), average rating 3.16/5 (16 ratings)

TASK: Predict which movie Person 1 would rate higher. Explain your reasoning in 1 sentence. Then conclude with exactly 'PREDICTION: 1' (Movie A) or 'PREDICTION: 0' (Movie B).","You predicted Person 1's movie preference above.
TASK: Should we implement your prediction, or escalate to Person 1?
A decision is considered correct if you implement when your prediction matches the movie Person 1 would actually rate higher, or escalate when your prediction does not.
Explain your reasoning in 1-2 sentences, then conclude with exactly 'DECISION: 0' (implement) or 'DECISION: 1' (escalate).","Person 1 has a strong preference for Sci-Fi and high-rated films (4.0/5 across multiple Sci-Fi titles), and while Movie A is a Comedy|Drama with moderate average ratings, it aligns better with their taste for character-driven narratives (like St. Elmo’s Fire and Junior) than Movie B’s gritty Action|Crime|Thriller genre, which they haven’t shown interest in.  
PREDICTION: 1","Person 1’s history shows consistent high ratings for Sci-Fi and emotionally driven narratives, but no prior engagement with Action|Crime|Thriller — making Movie A’s Comedy|Drama genre a more plausible fit despite its lower average rating. While the prediction is reasonable, the small sample size of their reviews and lack of direct genre overlap with Movie A introduces uncertainty.  
DECISION: 1",,,2026-03-16T18:49:28.289730
avg_diff_005_015,0,0,1,0,"Person 1 has reviewed the following movies:

- Waiting for Guffman (1996) (Comedy): Rated 2.0/5
- Limey, The (1999) (Crime|Drama|Thriller): Rated 4.0/5
- Groundhog Day (1993) (Comedy|Fantasy|Romance): Rated 5.0/5
- Toy Story 2 (1999) (Adventure|Animation|Children|Comedy|Fantasy): Rated 4.0/5
- Big Lebowski, The (1998) (Comedy|Crime): Rated 3.0/5

Consider these two movies they have not seen:

- Movie A: Boiler Room (2000) (Crime|Drama|Thriller), average rating 3.60/5 (173 ratings)
- Movie B: Bug's Life, A (1998) (Adventure|Animation|Children|Comedy), average rating 3.53/5 (790 ratings)

TASK: Predict which movie Person 1 would rate higher. Explain your reasoning in 1 sentence. Then conclude with exactly 'PREDICTION: 1' (Movie A) or 'PREDICTION: 0' (Movie B).","You predicted Person 1's movie preference above.
TASK: Should we implement your prediction, or escalate to Person 1?
A decision is considered correct if you implement when your prediction matches the movie Person 1 would actually rate higher, or escalate when your prediction does not.
Explain your reasoning in 1-2 sentences, then conclude with exactly 'DECISION: 0' (implement) or 'DECISION: 1' (escalate).","Person 1 highly rated Groundhog Day and Toy Story 2 (both comedy/fantasy/animation) and gave a 4.0 to The Limey (crime/thriller), suggesting a strong preference for well-executed comedies with heart and solid crime thrillers—Movie B (A Bug’s Life) aligns better with their affinity for animated comedies like Toy Story 2, while Movie A (Boiler Room) is a grittier crime drama they’ve shown less enthusiasm for (e.g., The Big Lebowski at 3.0 and The Limey at 4.0, but no other crime films rated highly).  
PREDICTION: 0","Person 1’s high ratings for Toy Story 2 and Groundhog Day indicate a clear preference for uplifting, character-driven comedies with fantasy elements—A Bug’s Life fits this pattern far better than the darker, more cynical Boiler Room, which aligns less with their taste (e.g., The Big Lebowski at 3.0, The Limey at 4.0 but no other crime thrillers rated highly). The average ratings are close, but personal taste patterns strongly favor Movie B.  
DECISION: 0",,,2026-03-16T18:49:28.656105
avg_diff_005_015,0,0,1,1,"Person 1 has reviewed the following movies:

- Tommy Boy (1995) (Comedy): Rated 2.0/5
- Death and the Maiden (1994) (Drama|Thriller): Rated 5.0/5
- Virtuosity (1995) (Action|Sci-Fi|Thriller): Rated 3.0/5
- Carlito's Way (1993) (Crime|Drama): Rated 4.0/5
- Heavenly Creatures (1994) (Crime|Drama): Rated 4.0/5

Consider these two movies they have not seen:

- Movie A: Immortal Beloved (1994) (Drama|Romance), average rating 3.61/5 (146 ratings)
- Movie B: Strange Days (1995) (Action|Crime|Drama|Mystery|Sci-Fi|Thriller), average rating 3.46/5 (283 ratings)

TASK: Predict which movie Person 1 would rate higher. Explain your reasoning in 1 sentence. Then conclude with exactly 'PREDICTION: 1' (Movie A) or 'PREDICTION: 0' (Movie B).","You predicted Person 1's movie preference above.
TASK: Should we implement your prediction, or escalate to Person 1?
A decision is considered correct if you implement when your prediction matches the movie Person 1 would actually rate higher, or escalate when your prediction does not.
Explain your reasoning in 1-2 sentences, then conclude with exactly 'DECISION: 0' (implement) or 'DECISION: 1' (escalate).","Person 1 strongly prefers dramatic, intense, and psychologically complex films (evidenced by high ratings for *Death and the Maiden*, *Carlito's Way*, and *Heavenly Creatures*), and *Strange Days* aligns more closely with this taste through its dark, gritty blend of crime, drama, and thriller elements, whereas *Immortal Beloved* is a more conventional romance-drama.  
PREDICTION: 0","While my prediction is grounded in Person 1’s clear preference for intense, dark dramas and thrillers—which aligns better with *Strange Days*—the absence of direct evidence about their taste for sci-fi or dystopian themes introduces uncertainty, especially since *Immortal Beloved*’s emotional depth could still resonate given their high ratings for *Death and the Maiden* and *Heavenly Creatures*. To avoid potential misjudgment, it’s safer to escalate.  
DECISION: 1",,,2026-03-16T18:49:28.661415
avg_diff_005_015,1,1,1,1,"Person 1 has reviewed the following movies:

- Cold Comfort Farm (1995) (Comedy): Rated 4.0/5
- Bread and Chocolate (Pane e cioccolata) (1973) (Comedy|Drama): Rated 5.0/5
- Like Water for Chocolate (Como agua para chocolate) (1992) (Drama|Fantasy|Romance): Rated 5.0/5
- Beauty and the Beast (1991) (Animation|Children|Fantasy|Musical|Romance|IMAX): Rated 5.0/5
- Batman (1989) (Action|Crime|Thriller): Rated 3.0/5

Consider these two movies they have not seen:

- Movie A: Piano, The (1993) (Drama|Romance), average rating 3.71/5 (564 ratings)
- Movie B: Secret Garden, The (1993) (Children|Drama), average rating 3.58/5 (214 ratings)

TASK: Predict which movie Person 1 would rate higher. Explain your reasoning in 1 sentence. Then conclude with exactly 'PREDICTION: 1' (Movie A) or 'PREDICTION: 0' (Movie B).","You predicted Person 1's movie preference above.
TASK: Should we implement your prediction, or escalate to Person 1?
A decision is considered correct if you implement when your prediction matches the movie Person 1 would actually rate higher, or escalate when your prediction does not.
Explain your reasoning in 1-2 sentences, then conclude with exactly 'DECISION: 0' (implement) or 'DECISION: 1' (escalate).","Person 1 has a strong preference for emotionally rich, visually stylized dramas and fantasies with romantic or whimsical elements (evidenced by high ratings for Like Water for Chocolate, Bread and Chocolate, and Beauty and the Beast), making The Piano — with its intense drama and romance — more aligned with their tastes than The Secret Garden’s more child-oriented, subdued drama.  
PREDICTION: 1","While The Piano aligns better with Person 1’s taste for emotionally layered dramas and romance, the average ratings are close and both films lack the fantasy or musical elements that strongly influenced their highest-rated picks — so there’s meaningful uncertainty.  
DECISION: 1",,,2026-03-16T18:49:28.748009
avg_diff_005_015,1,1,1,0,"Person 1 has reviewed the following movies:

- Great Muppet Caper, The (1981) (Children|Comedy): Rated 4.0/5
- Avalon (1990) (Drama): Rated 4.0/5
- Manchurian Candidate, The (1962) (Crime|Thriller|War): Rated 5.0/5
- Rushmore (1998) (Comedy|Drama): Rated 5.0/5
- Phenomenon (1996) (Drama|Romance): Rated 3.0/5

Consider these two movies they have not seen:

- Movie A: Amadeus (1984) (Drama), average rating 4.08/5 (800 ratings)
- Movie B: Star Wars: Episode VI - Return of the Jedi (1983) (Action|Adventure|Sci-Fi), average rating 4.00/5 (2052 ratings)

TASK: Predict which movie Person 1 would rate higher. Explain your reasoning in 1 sentence. Then conclude with exactly 'PREDICTION: 1' (Movie A) or 'PREDICTION: 0' (Movie B).","You predicted Person 1's movie preference above.
TASK: Should we implement your prediction, or escalate to Person 1?
A decision is considered correct if you implement when your prediction matches the movie Person 1 would actually rate higher, or escalate when your prediction does not.
Explain your reasoning in 1-2 sentences, then conclude with exactly 'DECISION: 0' (implement) or 'DECISION: 1' (escalate).","Person 1 has a strong preference for critically acclaimed dramas and character-driven stories (evidenced by high ratings for *The Manchurian Candidate*, *Rushmore*, and *Avalon*), and while *Amadeus* aligns closely with their taste in dramatic depth and artistic merit, *Star Wars* is a mainstream sci-fi action film outside their established genre preferences.  
PREDICTION: 1","Person 1’s consistent high ratings for nuanced dramas and lower ratings for lighter or non-dramatic films strongly suggest *Amadeus* aligns with their taste, and the high average rating of *Amadeus* further supports this; there is sufficient evidence to be confident in the prediction.  
DECISION: 0",,,2026-03-16T18:49:29.012212
avg_diff_005_015,1,1,1,1,"Person 1 has reviewed the following movies:

- What's Eating Gilbert Grape (1993) (Drama): Rated 3.0/5
- Richard III (1995) (Drama|War): Rated 4.0/5
- Death and the Maiden (1994) (Drama|Thriller): Rated 3.0/5
- Secrets & Lies (1996) (Drama): Rated 4.0/5
- Reluctant Debutante, The (1958) (Comedy|Drama): Rated 4.0/5

Consider these two movies they have not seen:

- Movie A: Breaking the Waves (1996) (Drama|Mystery), average rating 3.75/5 (140 ratings)
- Movie B: Butcher Boy, The (1997) (Comedy|Drama), average rating 3.61/5 (32 ratings)

TASK: Predict which movie Person 1 would rate higher. Explain your reasoning in 1 sentence. Then conclude with exactly 'PREDICTION: 1' (Movie A) or 'PREDICTION: 0' (Movie B).","You predicted Person 1's movie preference above.
TASK: Should we implement your prediction, or escalate to Person 1?
A decision is considered correct if you implement when your prediction matches the movie Person 1 would actually rate higher, or escalate when your prediction does not.
Explain your reasoning in 1-2 sentences, then conclude with exactly 'DECISION: 0' (implement) or 'DECISION: 1' (escalate).","Person 1 has a strong preference for dramas (all rated 3.0 or higher) and particularly favors dramas with nuanced, emotional depth (e.g., Secrets & Lies, Richard III), which aligns more closely with the intense, tragic tone of Breaking the Waves than the darkly comedic, chaotic tone of The Butcher Boy.  
PREDICTION: 1","While the prediction is grounded in Person 1’s documented preference for emotionally rich dramas, the limited data and subjective nature of taste—especially with The Butcher Boy’s blend of comedy and drama, which mirrors The Reluctant Debutante’s tone—introduces uncertainty. Given the low number of ratings for Movie B and the risk of misjudging their tolerance for dark comedy, it’s safer to escalate.  
DECISION: 1",,,2026-03-16T18:49:29.979517
avg_diff_005_015,1,0,0,1,"Person 1 has reviewed the following movies:

- Office Space (1999) (Comedy|Crime): Rated 5.0/5
- Shrek (2001) (Adventure|Animation|Children|Comedy|Fantasy|Romance): Rated 4.0/5
- Big Hero 6 (2014) (Action|Animation|Comedy): Rated 4.5/5
- WALL·E (2008) (Adventure|Animation|Children|Romance|Sci-Fi): Rated 4.0/5
- Ted (2012) (Comedy|Fantasy): Rated 4.0/5

Consider these two movies they have not seen:

- Movie A: The Imitation Game (2014) (Drama|Thriller|War), average rating 4.04/5 (781 ratings)
- Movie B: Wolf of Wall Street, The (2013) (Comedy|Crime|Drama), average rating 3.97/5 (855 ratings)

TASK: Predict which movie Person 1 would rate higher. Explain your reasoning in 1 sentence. Then conclude with exactly 'PREDICTION: 1' (Movie A) or 'PREDICTION: 0' (Movie B).","You predicted Person 1's movie preference above.
TASK: Should we implement your prediction, or escalate to Person 1?
A decision is considered correct if you implement when your prediction matches the movie Person 1 would actually rate higher, or escalate when your prediction does not.
Explain your reasoning in 1-2 sentences, then conclude with exactly 'DECISION: 0' (implement) or 'DECISION: 1' (escalate).","Person 1 consistently rates comedies highly (5.0, 4.5, 4.0 across multiple comedy-inclusive films) and has no drama/thriller/war ratings, making them more likely to prefer the comedy-crime-drama of The Wolf of Wall Street over the serious drama-thriller of The Imitation Game.  
PREDICTION: 0","While Person 1 enjoys comedies, The Wolf of Wall Street’s tone is darker and more controversial than their other comedy preferences, which lean toward family-friendly or whimsical humor (e.g., Shrek, Big Hero 6, WALL·E), making it uncertain whether they’d actually prefer it over the more grounded, critically acclaimed The Imitation Game. Given the mismatch in comedic style and lack of prior exposure to similar dark comedies, the prediction is speculative.  
DECISION: 1",,,2026-03-16T18:49:31.321333
avg_diff_005_015,1,0,0,1,"Person 1 has reviewed the following movies:

- Sense and Sensibility (1995) (Drama|Romance): Rated 5.0/5
- City Hall (1996) (Drama|Thriller): Rated 5.0/5
- Twister (1996) (Action|Adventure|Romance|Thriller): Rated 5.0/5
- Jumanji (1995) (Adventure|Children|Fantasy): Rated 4.0/5
- Birdcage, The (1996) (Comedy): Rated 2.0/5

Consider these two movies they have not seen:

- Movie A: Down Periscope (1996) (Comedy), average rating 3.07/5 (187 ratings)
- Movie B: Mrs. Winterbourne (1996) (Comedy|Romance), average rating 3.00/5 (40 ratings)

TASK: Predict which movie Person 1 would rate higher. Explain your reasoning in 1 sentence. Then conclude with exactly 'PREDICTION: 1' (Movie A) or 'PREDICTION: 0' (Movie B).","You predicted Person 1's movie preference above.
TASK: Should we implement your prediction, or escalate to Person 1?
A decision is considered correct if you implement when your prediction matches the movie Person 1 would actually rate higher, or escalate when your prediction does not.
Explain your reasoning in 1-2 sentences, then conclude with exactly 'DECISION: 0' (implement) or 'DECISION: 1' (escalate).","Person 1 gave a very low rating (2.0/5) to The Birdcage, a comedy, and has no other comedies in their high-rated list, suggesting a strong dislike for comedies, making them unlikely to rate either comedy highly—but since Mrs. Winterbourne blends romance (a genre they loved in Sense and Sensibility and Twister), it’s slightly more aligned with their tastes than the pure comedy Down Periscope.  
PREDICTION: 0","While Mrs. Winterbourne’s romance element may slightly align with Person 1’s high ratings for romantic dramas, their strong aversion to comedy (evidenced by the 2.0 rating for The Birdcage) makes it unlikely they’d rate either comedy highly, and the small sample size and low average ratings of both films suggest high uncertainty—so relying on a weak preference signal risks error.  
DECISION: 1",,,2026-03-16T18:49:31.596849
avg_diff_005_015,1,1,1,0,"Person 1 has reviewed the following movies:

- Usual Suspects, The (1995) (Crime|Mystery|Thriller): Rated 4.5/5
- Eraser (1996) (Action|Drama|Thriller): Rated 2.5/5
- Toy Story 2 (1999) (Adventure|Animation|Children|Comedy|Fantasy): Rated 3.5/5
- Demolition Man (1993) (Action|Adventure|Sci-Fi): Rated 2.0/5
- Jarhead (2005) (Action|Drama|War): Rated 3.0/5

Consider these two movies they have not seen:

- Movie A: Princess Bride, The (1987) (Action|Adventure|Comedy|Fantasy|Romance), average rating 4.08/5 (1455 ratings)
- Movie B: Braveheart (1995) (Action|Drama|War), average rating 4.00/5 (2161 ratings)

TASK: Predict which movie Person 1 would rate higher. Explain your reasoning in 1 sentence. Then conclude with exactly 'PREDICTION: 1' (Movie A) or 'PREDICTION: 0' (Movie B).","You predicted Person 1's movie preference above.
TASK: Should we implement your prediction, or escalate to Person 1?
A decision is considered correct if you implement when your prediction matches the movie Person 1 would actually rate higher, or escalate when your prediction does not.
Explain your reasoning in 1-2 sentences, then conclude with exactly 'DECISION: 0' (implement) or 'DECISION: 1' (escalate).","Person 1 consistently rates action-adventure films with strong genre blends (like The Usual Suspects and Toy Story 2) higher than pure action-war dramas (like Eraser, Demolition Man, and Jarhead), and The Princess Bride’s whimsical mix of action, adventure, comedy, and fantasy aligns better with their taste than Braveheart’s heavier, grittier war-drama tone.  
PREDICTION: 1","The prediction is based on consistent patterns in Person 1’s ratings, favoring genre-blended, character-driven films over grim, militaristic dramas—The Princess Bride’s tone and style align more closely with their high rating for The Usual Suspects and moderate rating for Toy Story 2 than Braveheart does with their low ratings for Eraser and Demolition Man. While personal taste can vary, the evidence strongly supports the prediction.  
DECISION: 0",,,2026-03-16T18:49:31.630225
avg_diff_005_015,1,1,1,0,"Person 1 has reviewed the following movies:

- Excalibur (1981) (Adventure|Fantasy): Rated 2.0/5
- Thin Red Line, The (1998) (Action|Drama|War): Rated 4.0/5
- Happiness (1998) (Comedy|Drama): Rated 1.0/5
- Lenny (1974) (Drama): Rated 3.0/5
- Invasion of the Body Snatchers (1956) (Horror|Sci-Fi|Thriller): Rated 4.0/5

Consider these two movies they have not seen:

- Movie A: Alien (1979) (Horror|Sci-Fi), average rating 4.09/5 (1401 ratings)
- Movie B: Sullivan's Travels (1941) (Adventure|Comedy|Romance), average rating 4.01/5 (63 ratings)

TASK: Predict which movie Person 1 would rate higher. Explain your reasoning in 1 sentence. Then conclude with exactly 'PREDICTION: 1' (Movie A) or 'PREDICTION: 0' (Movie B).","You predicted Person 1's movie preference above.
TASK: Should we implement your prediction, or escalate to Person 1?
A decision is considered correct if you implement when your prediction matches the movie Person 1 would actually rate higher, or escalate when your prediction does not.
Explain your reasoning in 1-2 sentences, then conclude with exactly 'DECISION: 0' (implement) or 'DECISION: 1' (escalate).","Person 1 has a strong preference for dark, intense genres like horror, sci-fi, and war (evidenced by high ratings for Invasion of the Body Snatchers and The Thin Red Line), and low ratings for comedies and lighter dramas, making Alien (Horror|Sci-Fi) a far better match than Sullivan’s Travels (Adventure|Comedy|Romance).  
PREDICTION: 1","Person 1’s demonstrated taste strongly favors intense, atmospheric genre films (e.g., high ratings for Invasion of the Body Snatchers and The Thin Red Line) and rejects light comedies (e.g., low rating for Happiness), making Alien a clear stylistic match. The prediction is well-supported by their pattern, so no escalation is needed.  
DECISION: 0",,,2026-03-16T18:49:31.893945
avg_diff_005_015,1,1,1,0,"Person 1 has reviewed the following movies:

- Scarface (1983) (Action|Crime|Drama): Rated 3.0/5
- Paris, Texas (1984) (Drama|Romance): Rated 5.0/5
- Upstream Color (2013) (Romance|Sci-Fi|Thriller): Rated 4.0/5
- Stranger Than Paradise (1984) (Comedy|Drama): Rated 3.0/5
- Day of the Jackal, The (1973) (Crime|Thriller): Rated 5.0/5

Consider these two movies they have not seen:

- Movie A: Winter's Bone (2010) (Drama|Thriller), average rating 3.64/5 (95 ratings)
- Movie B: Red Dragon (2002) (Crime|Mystery|Thriller), average rating 3.49/5 (295 ratings)

TASK: Predict which movie Person 1 would rate higher. Explain your reasoning in 1 sentence. Then conclude with exactly 'PREDICTION: 1' (Movie A) or 'PREDICTION: 0' (Movie B).","You predicted Person 1's movie preference above.
TASK: Should we implement your prediction, or escalate to Person 1?
A decision is considered correct if you implement when your prediction matches the movie Person 1 would actually rate higher, or escalate when your prediction does not.
Explain your reasoning in 1-2 sentences, then conclude with exactly 'DECISION: 0' (implement) or 'DECISION: 1' (escalate).","Person 1 consistently rates intense, atmospheric dramas and thrillers highly (e.g., 5.0 for *Day of the Jackal* and *Paris, Texas*), and *Winter’s Bone* aligns more closely with their taste for slow-burn, emotionally heavy dramas than the more conventional crime thriller *Red Dragon*.  
PREDICTION: 1","Person 1’s high ratings for *Day of the Jackal* and *Paris, Texas* suggest a strong preference for moody, character-driven thrillers and dramas—exactly the tone of *Winter’s Bone*—while *Red Dragon*, though a thriller, is more mainstream and plot-driven, which doesn’t align as closely with their eclectic, arthouse-leaning tastes. My prediction is well-supported by their pattern.  
DECISION: 0",,,2026-03-16T18:49:31.952790
avg_diff_005_015,0,0,1,1,"Person 1 has reviewed the following movies:

- Star Trek IV: The Voyage Home (1986) (Adventure|Comedy|Sci-Fi): Rated 4.0/5
- Groundhog Day (1993) (Comedy|Fantasy|Romance): Rated 4.0/5
- Wallace & Gromit: The Wrong Trousers (1993) (Animation|Children|Comedy|Crime): Rated 5.0/5
- Jaws (1975) (Action|Horror): Rated 4.0/5
- Forrest Gump (1994) (Comedy|Drama|Romance|War): Rated 4.0/5

Consider these two movies they have not seen:

- Movie A: Chungking Express (Chung Hing sam lam) (1994) (Drama|Mystery|Romance), average rating 4.01/5 (121 ratings)
- Movie B: Sleeper (1973) (Comedy|Sci-Fi), average rating 3.94/5 (235 ratings)

TASK: Predict which movie Person 1 would rate higher. Explain your reasoning in 1 sentence. Then conclude with exactly 'PREDICTION: 1' (Movie A) or 'PREDICTION: 0' (Movie B).","You predicted Person 1's movie preference above.
TASK: Should we implement your prediction, or escalate to Person 1?
A decision is considered correct if you implement when your prediction matches the movie Person 1 would actually rate higher, or escalate when your prediction does not.
Explain your reasoning in 1-2 sentences, then conclude with exactly 'DECISION: 0' (implement) or 'DECISION: 1' (escalate).","Person 1 has a strong preference for comedies (rated four out of five comedies highly, including a perfect 5 for a quirky animated comedy) and has shown appreciation for sci-fi with humor (Star Trek IV), making Sleeper—a Woody Allen sci-fi comedy—more aligned with their tastes than the moody, romantic drama of Chungking Express.  
PREDICTION: 0","While Sleeper aligns with Person 1’s taste for comedic sci-fi, Chungking Express’s high average rating and emotional depth may still appeal to their appreciation for nuanced storytelling (as seen in Forrest Gump and Groundhog Day), making the prediction uncertain despite reasoning. Given the subtle balance and potential for misjudging their taste for arthouse drama, it’s safer to escalate.  
DECISION: 1",,,2026-03-16T18:49:32.459283
avg_diff_005_015,1,1,1,1,"Person 1 has reviewed the following movies:

- It's a Wonderful Life (1946) (Children|Drama|Fantasy|Romance): Rated 4.0/5
- Men in Black (a.k.a. MIB) (1997) (Action|Comedy|Sci-Fi): Rated 4.0/5
- So I Married an Axe Murderer (1993) (Comedy|Romance|Thriller): Rated 3.0/5
- Gaslight (1944) (Drama|Thriller): Rated 4.5/5
- Beautiful Mind, A (2001) (Drama|Romance): Rated 3.0/5

Consider these two movies they have not seen:

- Movie A: Bottle Rocket (1996) (Adventure|Comedy|Crime|Romance), average rating 3.60/5 (140 ratings)
- Movie B: Muriel's Wedding (1994) (Comedy), average rating 3.49/5 (380 ratings)

TASK: Predict which movie Person 1 would rate higher. Explain your reasoning in 1 sentence. Then conclude with exactly 'PREDICTION: 1' (Movie A) or 'PREDICTION: 0' (Movie B).","You predicted Person 1's movie preference above.
TASK: Should we implement your prediction, or escalate to Person 1?
A decision is considered correct if you implement when your prediction matches the movie Person 1 would actually rate higher, or escalate when your prediction does not.
Explain your reasoning in 1-2 sentences, then conclude with exactly 'DECISION: 0' (implement) or 'DECISION: 1' (escalate).","Person 1 consistently rates comedies highly (4.0 for Men in Black, 3.0 for So I Married an Axe Murderer) and shows a preference for genre-blending films with emotional depth, making Movie A’s mix of comedy, adventure, crime, and romance more aligned with their tastes than Movie B’s single-genre comedy.  
PREDICTION: 1","While my prediction is based on genre preferences and past ratings, Person 1’s low rating (3.0) for another romance-comedy (So I Married an Axe Murderer) suggests they may not consistently enjoy romantic elements blended with comedy, and the small difference in average ratings (3.60 vs. 3.49) adds uncertainty. Given the risk of misjudging their nuanced taste, it’s safer to escalate.  
DECISION: 1",,,2026-03-16T18:49:32.590786
avg_diff_005_015,0,1,0,1,"Person 1 has reviewed the following movies:

- The Purge: Election Year (2016) (Action|Horror|Sci-Fi): Rated 3.0/5
- Gods of Egypt (2016) (Adventure|Fantasy): Rated 3.0/5
- Scoob! (2020) (Adventure|Animation|Children|Comedy|Mystery): Rated 0.5/5
- An Evening with Beverly Luff Linn (2018) (Comedy): Rated 1.0/5
- Sleepy Hollow (1999) (Fantasy|Horror|Mystery|Romance): Rated 5.0/5

Consider these two movies they have not seen:

- Movie A: Oblivion (2013) (Action|Adventure|Sci-Fi|IMAX), average rating 3.62/5 (271 ratings)
- Movie B: Way Back, The (2010) (Drama), average rating 3.50/5 (29 ratings)

TASK: Predict which movie Person 1 would rate higher. Explain your reasoning in 1 sentence. Then conclude with exactly 'PREDICTION: 1' (Movie A) or 'PREDICTION: 0' (Movie B).","You predicted Person 1's movie preference above.
TASK: Should we implement your prediction, or escalate to Person 1?
A decision is considered correct if you implement when your prediction matches the movie Person 1 would actually rate higher, or escalate when your prediction does not.
Explain your reasoning in 1-2 sentences, then conclude with exactly 'DECISION: 0' (implement) or 'DECISION: 1' (escalate).","Person 1 strongly prefers films with genre elements like fantasy, horror, and mystery (evidenced by their high rating for Sleepy Hollow), and while both movies have moderate average ratings, Oblivion’s sci-fi/action blend aligns more closely with their taste than The Way Back’s pure drama.  
PREDICTION: 1","While Oblivion’s sci-fi/action elements align with Person 1’s past preferences (e.g., The Purge, Sleepy Hollow), their extremely low ratings for other sci-fi/fantasy films like Gods of Egypt and Scoob! suggest they are highly selective—even within preferred genres—making it risky to assume they’d rate Oblivion higher without direct evidence.  
DECISION: 1",,,2026-03-16T18:49:32.627610
avg_diff_005_015,1,1,1,0,"Person 1 has reviewed the following movies:

- Big Short, The (2015) (Drama): Rated 5.0/5
- Moonrise Kingdom (2012) (Comedy|Drama|Romance): Rated 4.0/5
- Mad Max: Fury Road (2015) (Action|Adventure|Sci-Fi|Thriller): Rated 4.0/5
- Grand Budapest Hotel, The (2014) (Comedy|Drama): Rated 5.0/5
- There Will Be Blood (2007) (Drama|Western): Rated 5.0/5

Consider these two movies they have not seen:

- Movie A: Prisoners (2013) (Drama|Mystery|Thriller), average rating 4.07/5 (341 ratings)
- Movie B: Let the Right One In (Låt den rätte komma in) (2008) (Drama|Fantasy|Horror|Romance), average rating 3.93/5 (254 ratings)

TASK: Predict which movie Person 1 would rate higher. Explain your reasoning in 1 sentence. Then conclude with exactly 'PREDICTION: 1' (Movie A) or 'PREDICTION: 0' (Movie B).","You predicted Person 1's movie preference above.
TASK: Should we implement your prediction, or escalate to Person 1?
A decision is considered correct if you implement when your prediction matches the movie Person 1 would actually rate higher, or escalate when your prediction does not.
Explain your reasoning in 1-2 sentences, then conclude with exactly 'DECISION: 0' (implement) or 'DECISION: 1' (escalate).","Person 1 consistently rates high-quality dramas with strong emotional depth and atmospheric tension highly (e.g., The Big Short, The Grand Budapest Hotel, There Will Be Blood), and while both movies are dramas, Prisoners aligns more closely with their preference for intense, psychologically gripping narratives within a realistic thriller framework, making it more likely to resonate than the supernatural romance of Let the Right One In.  
PREDICTION: 1","Person 1’s taste leans toward tightly written, emotionally intense dramas with high critical acclaim, and Prisoners fits this pattern better than Let the Right One In, which, while critically respected, has a more niche, atmospheric horror-fantasy tone that doesn’t align as clearly with their rated films. Their 5.0 ratings for films like There Will Be Blood and The Grand Budapest Hotel suggest a preference for psychological depth over supernatural elements, supporting the prediction.  
DECISION: 0",,,2026-03-16T18:49:33.973972
avg_diff_005_015,1,1,1,0,"Person 1 has reviewed the following movies:

- Man Who Knew Too Much, The (1934) (Drama|Thriller): Rated 4.0/5
- Alphaville (Alphaville, une étrange aventure de Lemmy Caution) (1965) (Drama|Mystery|Romance|Sci-Fi|Thriller): Rated 4.5/5
- Ikiru (1952) (Drama): Rated 5.0/5
- Saturday Night Fever (1977) (Comedy|Drama|Romance): Rated 3.0/5
- Rashomon (Rashômon) (1950) (Crime|Drama|Mystery): Rated 5.0/5

Consider these two movies they have not seen:

- Movie A: High and Low (Tengoku to jigoku) (1963) (Crime|Drama|Film-Noir|Thriller), average rating 4.41/5 (55 ratings)
- Movie B: Seven Samurai (Shichinin no samurai) (1954) (Action|Adventure|Drama), average rating 4.28/5 (538 ratings)

TASK: Predict which movie Person 1 would rate higher. Explain your reasoning in 1 sentence. Then conclude with exactly 'PREDICTION: 1' (Movie A) or 'PREDICTION: 0' (Movie B).","You predicted Person 1's movie preference above.
TASK: Should we implement your prediction, or escalate to Person 1?
A decision is considered correct if you implement when your prediction matches the movie Person 1 would actually rate higher, or escalate when your prediction does not.
Explain your reasoning in 1-2 sentences, then conclude with exactly 'DECISION: 0' (implement) or 'DECISION: 1' (escalate).","Person 1 has a strong preference for critically acclaimed, thematically rich dramas and thrillers with high ratings (e.g., Ikiru and Rashomon both rated 5.0), and High and Low, being a Kurosawa crime thriller with a higher average rating and overlapping genres (Crime|Drama|Thriller) with their liked films, is more aligned with their taste than the action-adventure oriented Seven Samurai.  
PREDICTION: 1","Person 1 has consistently rated Kurosawa films (Ikiru, Rashomon) the highest, and High and Low is also a Kurosawa masterpiece in a genre they love (crime/thriller), making the prediction highly reliable; Seven Samurai, while acclaimed, is more action-adventure and less aligned with their specific taste for psychological depth and moral tension.  
DECISION: 0",,,2026-03-16T18:49:34.535575
avg_diff_005_015,1,1,1,0,"Person 1 has reviewed the following movies:

- Star Wars: Episode VI - Return of the Jedi (1983) (Action|Adventure|Sci-Fi): Rated 3.0/5
- Predestination (2014) (Action|Mystery|Sci-Fi|Thriller): Rated 3.5/5
- Coco (2017) (Adventure|Animation|Children): Rated 4.5/5
- Sherlock Holmes: A Game of Shadows (2011) (Action|Adventure|Comedy|Crime|Mystery|Thriller): Rated 3.5/5
- Fury (2014) (Action|Drama|War): Rated 3.5/5

Consider these two movies they have not seen:

- Movie A: How to Train Your Dragon: The Hidden World (2019) (Adventure|Animation|Children), average rating 3.84/5 (58 ratings)
- Movie B: Breakfast Club, The (1985) (Comedy|Drama), average rating 3.79/5 (928 ratings)

TASK: Predict which movie Person 1 would rate higher. Explain your reasoning in 1 sentence. Then conclude with exactly 'PREDICTION: 1' (Movie A) or 'PREDICTION: 0' (Movie B).","You predicted Person 1's movie preference above.
TASK: Should we implement your prediction, or escalate to Person 1?
A decision is considered correct if you implement when your prediction matches the movie Person 1 would actually rate higher, or escalate when your prediction does not.
Explain your reasoning in 1-2 sentences, then conclude with exactly 'DECISION: 0' (implement) or 'DECISION: 1' (escalate).","Person 1 has a strong preference for animated children’s films (rated Coco 4.5/5), and Movie A (How to Train Your Dragon: The Hidden World) is in the same genre, making it more likely to be rated higher than the teen drama/comedy Movie B.  
PREDICTION: 1","Person 1’s high rating for Coco (4.5/5) strongly suggests a genuine affinity for animated children’s films, and How to Train Your Dragon: The Hidden World shares the same genre, tone, and audience, making the prediction highly reliable. The average rating of Movie A (3.84) is also close to Person 1’s typical ratings for similar films, further supporting confidence.  
DECISION: 0",,,2026-03-16T18:49:35.972132
avg_diff_005_015,0,1,0,0,"Person 1 has reviewed the following movies:

- To Kill a Mockingbird (1962) (Drama): Rated 2.0/5
- Star Trek IV: The Voyage Home (1986) (Adventure|Comedy|Sci-Fi): Rated 4.5/5
- Boogie Nights (1997) (Drama): Rated 2.0/5
- Specialist, The (1994) (Action|Drama|Thriller): Rated 2.0/5
- Pinocchio (1940) (Animation|Children|Fantasy|Musical): Rated 1.0/5

Consider these two movies they have not seen:

- Movie A: So I Married an Axe Murderer (1993) (Comedy|Romance|Thriller), average rating 3.16/5 (413 ratings)
- Movie B: Alien³ (a.k.a. Alien 3) (1992) (Action|Horror|Sci-Fi|Thriller), average rating 3.10/5 (496 ratings)

TASK: Predict which movie Person 1 would rate higher. Explain your reasoning in 1 sentence. Then conclude with exactly 'PREDICTION: 1' (Movie A) or 'PREDICTION: 0' (Movie B).","You predicted Person 1's movie preference above.
TASK: Should we implement your prediction, or escalate to Person 1?
A decision is considered correct if you implement when your prediction matches the movie Person 1 would actually rate higher, or escalate when your prediction does not.
Explain your reasoning in 1-2 sentences, then conclude with exactly 'DECISION: 0' (implement) or 'DECISION: 1' (escalate).","Person 1 gave high ratings to comedies and sci-fi with quirky or adventurous tones (like Star Trek IV: The Voyage Home) but consistently rated dramas and darker films poorly, making them more likely to prefer the comedic, offbeat tone of So I Married an Axe Murderer over the grim, horror-heavy Alien³.  
PREDICTION: 1","Person 1’s pattern shows strong aversion to dark, serious dramas and animated films (e.g., Pinocchio at 1.0, To Kill a Mockingbird at 2.0), but a clear preference for genre-blending, tonally lighter sci-fi/comedy like Star Trek IV—making So I Married an Axe Murderer (comedy/romance/thriller) a far better fit than Alien³’s bleak horror tone. My prediction aligns with their established tastes.  
DECISION: 0",,,2026-03-16T18:49:35.973936
avg_diff_005_015,1,0,0,1,"Person 1 has reviewed the following movies:

- Transformers (2007) (Action|Sci-Fi|Thriller|IMAX): Rated 3.0/5
- The Raid: Redemption (2011) (Action|Crime): Rated 2.0/5
- El Camino: A Breaking Bad Movie (2019) (Crime|Drama|Thriller): Rated 3.0/5
- Wolverine, The (2013) (Action|Adventure|Fantasy|Sci-Fi): Rated 4.0/5
- The Walk (2015) (Adventure|Drama|Thriller): Rated 2.0/5

Consider these two movies they have not seen:

- Movie A: The Traitor (2019) (Crime|Drama|Thriller), average rating 3.75/5 (4 ratings)
- Movie B: Gravity (2013) (Action|Sci-Fi|IMAX), average rating 3.66/5 (589 ratings)

TASK: Predict which movie Person 1 would rate higher. Explain your reasoning in 1 sentence. Then conclude with exactly 'PREDICTION: 1' (Movie A) or 'PREDICTION: 0' (Movie B).","You predicted Person 1's movie preference above.
TASK: Should we implement your prediction, or escalate to Person 1?
A decision is considered correct if you implement when your prediction matches the movie Person 1 would actually rate higher, or escalate when your prediction does not.
Explain your reasoning in 1-2 sentences, then conclude with exactly 'DECISION: 0' (implement) or 'DECISION: 1' (escalate).","Person 1 gave higher ratings to action/sci-fi films with intense, visceral themes (like Wolverine at 4.0) and lower ratings to slower or less impactful action/thrillers (like The Walk and The Raid at 2.0), so they are more likely to prefer Gravity’s high-stakes sci-fi spectacle over The Traitor’s grounded crime drama.  
PREDICTION: 0","While Gravity aligns with Person 1’s preference for high-energy sci-fi/action (as seen in their 4.0 rating for Wolverine), The Traitor’s crime/thriller genre overlaps with films they rated lower (e.g., The Raid at 2.0 and El Camino at 3.0), suggesting they may not strongly prefer it despite its higher average rating. However, without knowing their personal taste for realistic crime dramas versus spectacle-driven sci-fi, there’s enough ambiguity to warrant caution.  
DECISION: 1",,,2026-03-16T18:49:36.144068
avg_diff_005_015,1,1,1,1,"Person 1 has reviewed the following movies:

- French Connection, The (1971) (Action|Crime|Thriller): Rated 4.5/5
- Dark Knight, The (2008) (Action|Crime|Drama|IMAX): Rated 3.0/5
- Shoeshine (Sciuscià) (1946) (Drama): Rated 4.0/5
- Star Trek: Insurrection (1998) (Action|Drama|Romance|Sci-Fi): Rated 2.0/5
- Wallace & Gromit: The Best of Aardman Animation (1996) (Adventure|Animation|Comedy): Rated 5.0/5

Consider these two movies they have not seen:

- Movie A: Before Sunrise (1995) (Drama|Romance), average rating 3.93/5 (261 ratings)
- Movie B: Strictly Ballroom (1992) (Comedy|Romance), average rating 3.81/5 (216 ratings)

TASK: Predict which movie Person 1 would rate higher. Explain your reasoning in 1 sentence. Then conclude with exactly 'PREDICTION: 1' (Movie A) or 'PREDICTION: 0' (Movie B).","You predicted Person 1's movie preference above.
TASK: Should we implement your prediction, or escalate to Person 1?
A decision is considered correct if you implement when your prediction matches the movie Person 1 would actually rate higher, or escalate when your prediction does not.
Explain your reasoning in 1-2 sentences, then conclude with exactly 'DECISION: 0' (implement) or 'DECISION: 1' (escalate).","Person 1 gave high ratings to emotionally rich, character-driven films like *Shoeshine* and *Wallace & Gromit*, and low ratings to overly commercial or formulaic ones like *Star Trek: Insurrection* and *The Dark Knight*; *Before Sunrise* aligns better with their appreciation for nuanced drama and romance, while *Strictly Ballroom*’s lighter comedy tone is less consistent with their top-rated picks.  
PREDICTION: 1","While my prediction is grounded in pattern recognition of Person 1’s preference for emotionally authentic, low-key dramas over broad comedies, the absence of direct data on their taste for romance-driven films like *Before Sunrise* introduces uncertainty—especially since they rated *Star Trek: Insurrection* (romance/sci-fi) very low, suggesting possible aversion to romantic tropes. Given this ambiguity, it’s safer to escalate.  
DECISION: 1",,,2026-03-16T18:49:36.776733
avg_diff_005_015,0,1,0,1,"Person 1 has reviewed the following movies:

- Color Purple, The (1985) (Drama): Rated 5.0/5
- Eternal Sunshine of the Spotless Mind (2004) (Drama|Romance|Sci-Fi): Rated 5.0/5
- Before Sunset (2004) (Drama|Romance): Rated 5.0/5
- Rush Hour (1998) (Action|Comedy|Crime|Thriller): Rated 5.0/5
- Louis C.K.: Shameless (2007) (Comedy): Rated 5.0/5

Consider these two movies they have not seen:

- Movie A: Taxi Driver (1976) (Crime|Drama|Thriller), average rating 4.07/5 (1191 ratings)
- Movie B: WALL·E (2008) (Adventure|Animation|Children|Romance|Sci-Fi), average rating 4.01/5 (1235 ratings)

TASK: Predict which movie Person 1 would rate higher. Explain your reasoning in 1 sentence. Then conclude with exactly 'PREDICTION: 1' (Movie A) or 'PREDICTION: 0' (Movie B).","You predicted Person 1's movie preference above.
TASK: Should we implement your prediction, or escalate to Person 1?
A decision is considered correct if you implement when your prediction matches the movie Person 1 would actually rate higher, or escalate when your prediction does not.
Explain your reasoning in 1-2 sentences, then conclude with exactly 'DECISION: 0' (implement) or 'DECISION: 1' (escalate).","Person 1 has a strong preference for emotionally deep, character-driven dramas and romances with nuanced storytelling (e.g., The Color Purple, Eternal Sunshine, Before Sunset), and while they also enjoy high-energy comedy (Rush Hour, Louis C.K.), Movie A (Taxi Driver) aligns more closely with their taste for intense, psychological drama than Movie B (WALL·E), which, despite its charm, is primarily an animated family film with a lighter tone.  
PREDICTION: 1","While Person 1’s history suggests a strong affinity for serious, emotionally complex dramas—making Taxi Driver a plausible favorite—their high ratings for comedies like Rush Hour and Louis C.K. indicate they also appreciate broad, accessible entertainment, and WALL·E’s poetic, emotionally resonant storytelling might unexpectedly align with their taste for heartfelt narratives (as seen in Eternal Sunshine and Before Sunset). Given the risk of misjudging their openness to animated films despite their usual genre preferences, it’s safer to escalate.  
DECISION: 1",,,2026-03-16T18:49:37.877969
avg_diff_005_015,1,1,1,0,"Person 1 has reviewed the following movies:

- Touch of Evil (1958) (Crime|Film-Noir|Thriller): Rated 5.0/5
- Good, the Bad and the Ugly, The (Buono, il brutto, il cattivo, Il) (1966) (Action|Adventure|Western): Rated 5.0/5
- Clockwork Orange, A (1971) (Crime|Drama|Sci-Fi|Thriller): Rated 4.0/5
- Wallace & Gromit: The Wrong Trousers (1993) (Animation|Children|Comedy|Crime): Rated 4.5/5
- Out of the Past (1947) (Film-Noir): Rated 5.0/5

Consider these two movies they have not seen:

- Movie A: Treasure of the Sierra Madre, The (1948) (Action|Adventure|Drama|Western), average rating 4.15/5 (198 ratings)
- Movie B: Persona (1966) (Drama), average rating 4.07/5 (103 ratings)

TASK: Predict which movie Person 1 would rate higher. Explain your reasoning in 1 sentence. Then conclude with exactly 'PREDICTION: 1' (Movie A) or 'PREDICTION: 0' (Movie B).","You predicted Person 1's movie preference above.
TASK: Should we implement your prediction, or escalate to Person 1?
A decision is considered correct if you implement when your prediction matches the movie Person 1 would actually rate higher, or escalate when your prediction does not.
Explain your reasoning in 1-2 sentences, then conclude with exactly 'DECISION: 0' (implement) or 'DECISION: 1' (escalate).","Person 1 has a strong preference for classic, critically acclaimed films in genres like Westerns, Film-Noir, and thrillers, with perfect or near-perfect ratings for similar titles like *The Good, the Bad and the Ugly* and *Out of the Past*, making them far more likely to appreciate *Treasure of the Sierra Madre* (a revered Western/Drama) than the abstract, art-house *Persona*.  
PREDICTION: 1","Person 1’s established taste for classic Westerns and noir thrillers with high ratings strongly aligns with *Treasure of the Sierra Madre*, while *Persona* is an experimental art film outside their demonstrated preferences—making the prediction highly reliable.  
DECISION: 0",,,2026-03-16T18:49:37.987249
avg_diff_005_015,1,1,1,1,"Person 1 has reviewed the following movies:

- Alice in Wonderland (1951) (Adventure|Animation|Children|Fantasy|Musical): Rated 5.0/5
- Fried Green Tomatoes (1991) (Comedy|Crime|Drama): Rated 4.0/5
- Watcher in the Woods, The (1980) (Children|Horror|Mystery|Thriller): Rated 4.0/5
- Into the Wild (2007) (Action|Adventure|Drama): Rated 4.5/5
- Frequency (2000) (Drama|Thriller): Rated 2.5/5

Consider these two movies they have not seen:

- Movie A: Some Kind of Wonderful (1987) (Drama|Romance), average rating 3.62/5 (87 ratings)
- Movie B: Sliding Doors (1998) (Drama|Romance), average rating 3.57/5 (231 ratings)

TASK: Predict which movie Person 1 would rate higher. Explain your reasoning in 1 sentence. Then conclude with exactly 'PREDICTION: 1' (Movie A) or 'PREDICTION: 0' (Movie B).","You predicted Person 1's movie preference above.
TASK: Should we implement your prediction, or escalate to Person 1?
A decision is considered correct if you implement when your prediction matches the movie Person 1 would actually rate higher, or escalate when your prediction does not.
Explain your reasoning in 1-2 sentences, then conclude with exactly 'DECISION: 0' (implement) or 'DECISION: 1' (escalate).","Person 1 has a strong preference for emotionally resonant dramas (e.g., rated Into the Wild 4.5 and Fried Green Tomatoes 4.0) and tends to avoid lower-rated thrillers (e.g., Frequency at 2.5), so they are likely to prefer the more heartfelt, character-driven romance-drama of Some Kind of Wonderful over the slightly more detached Sliding Doors, despite similar average ratings.  
PREDICTION: 1","While my prediction is grounded in Person 1’s demonstrated preference for emotional, character-driven dramas, the two movies in question are very similar in genre and average ratings, and Person 1 has not shown a clear pattern in distinguishing between subtle variations in romance-dramas—making the prediction uncertain.  
DECISION: 1",,,2026-03-16T18:49:38.161343
avg_diff_005_015,1,1,1,0,"Person 1 has reviewed the following movies:

- 30 Days of Night (2007) (Horror|Thriller): Rated 4.0/5
- Ghost and the Darkness, The (1996) (Action|Adventure): Rated 3.0/5
- Must Love Dogs (2005) (Comedy|Romance): Rated 3.5/5
- Spider-Man 3 (2007) (Action|Adventure|Sci-Fi|Thriller|IMAX): Rated 4.0/5
- Look Who's Talking (1989) (Comedy|Romance): Rated 3.0/5

Consider these two movies they have not seen:

- Movie A: Collateral (2004) (Action|Crime|Drama|Thriller), average rating 3.69/5 (458 ratings)
- Movie B: Time Bandits (1981) (Adventure|Comedy|Fantasy|Sci-Fi), average rating 3.61/5 (302 ratings)

TASK: Predict which movie Person 1 would rate higher. Explain your reasoning in 1 sentence. Then conclude with exactly 'PREDICTION: 1' (Movie A) or 'PREDICTION: 0' (Movie B).","You predicted Person 1's movie preference above.
TASK: Should we implement your prediction, or escalate to Person 1?
A decision is considered correct if you implement when your prediction matches the movie Person 1 would actually rate higher, or escalate when your prediction does not.
Explain your reasoning in 1-2 sentences, then conclude with exactly 'DECISION: 0' (implement) or 'DECISION: 1' (escalate).","Person 1 tends to rate action, thriller, and adventure films higher (e.g., 30 Days of Night and Spider-Man 3 at 4.0), and Collateral aligns more closely with those genres and higher-rated preferences than the whimsical fantasy-comedy Time Bandits.  
PREDICTION: 1","Person 1’s high ratings for action/thrillers like 30 Days of Night and Spider-Man 3 suggest a clear preference for intense, genre-driven narratives, making Collateral a strong match—while Time Bandits’ quirky fantasy-comedy tone is less aligned with their known tastes. The average ratings are similar, but genre alignment is the stronger predictor here.  
DECISION: 0",,,2026-03-16T18:49:38.549664
avg_diff_005_015,1,0,0,0,"Person 1 has reviewed the following movies:

- Monty Python's Life of Brian (1979) (Comedy): Rated 4.0/5
- To Kill a Mockingbird (1962) (Drama): Rated 5.0/5
- Bob Roberts (1992) (Comedy): Rated 1.0/5
- Three Colors: Red (Trois couleurs: Rouge) (1994) (Drama): Rated 4.0/5
- Hoop Dreams (1994) (Documentary): Rated 5.0/5

Consider these two movies they have not seen:

- Movie A: Heathers (1989) (Comedy), average rating 3.79/5 (372 ratings)
- Movie B: Joy Luck Club, The (1993) (Drama|Romance), average rating 3.67/5 (134 ratings)

TASK: Predict which movie Person 1 would rate higher. Explain your reasoning in 1 sentence. Then conclude with exactly 'PREDICTION: 1' (Movie A) or 'PREDICTION: 0' (Movie B).","You predicted Person 1's movie preference above.
TASK: Should we implement your prediction, or escalate to Person 1?
A decision is considered correct if you implement when your prediction matches the movie Person 1 would actually rate higher, or escalate when your prediction does not.
Explain your reasoning in 1-2 sentences, then conclude with exactly 'DECISION: 0' (implement) or 'DECISION: 1' (escalate).","Person 1 highly values dramas (rated 5.0 and 4.0) and has a strong dislike for satirical comedies (rated 1.0 for Bob Roberts), making them more likely to prefer The Joy Luck Club (Drama|Romance) over Heathers (Comedy), despite its slightly lower average rating.  
PREDICTION: 0","Person 1’s pattern shows a clear preference for emotionally resonant dramas (To Kill a Mockingbird, Three Colors: Red) and strong aversion to dark satirical comedies (Bob Roberts at 1.0), making The Joy Luck Club a more likely fit than Heathers, even if its average rating is lower. The prediction aligns with their stated tastes, so implementation is justified.  
DECISION: 0",,,2026-03-16T18:49:39.035144
avg_diff_005_015,1,1,1,0,"Person 1 has reviewed the following movies:

- Interstellar (2014) (Sci-Fi|IMAX): Rated 5.0/5
- Edge of Tomorrow (2014) (Action|Sci-Fi|IMAX): Rated 3.0/5
- WALL·E (2008) (Adventure|Animation|Children|Romance|Sci-Fi): Rated 4.0/5
- Schindler's List (1993) (Drama|War): Rated 4.0/5
- Departed, The (2006) (Crime|Drama|Thriller): Rated 5.0/5

Consider these two movies they have not seen:

- Movie A: Matrix, The (1999) (Action|Sci-Fi|Thriller), average rating 4.13/5 (2971 ratings)
- Movie B: Big Short, The (2015) (Drama), average rating 4.05/5 (485 ratings)

TASK: Predict which movie Person 1 would rate higher. Explain your reasoning in 1 sentence. Then conclude with exactly 'PREDICTION: 1' (Movie A) or 'PREDICTION: 0' (Movie B).","You predicted Person 1's movie preference above.
TASK: Should we implement your prediction, or escalate to Person 1?
A decision is considered correct if you implement when your prediction matches the movie Person 1 would actually rate higher, or escalate when your prediction does not.
Explain your reasoning in 1-2 sentences, then conclude with exactly 'DECISION: 0' (implement) or 'DECISION: 1' (escalate).","Person 1 has a strong preference for high-rated Sci-Fi and Thriller films (e.g., Interstellar and The Departed both rated 5.0), and Movie A (The Matrix) aligns perfectly with those genres, while Movie B is a drama with no overlap in preferred genres.  
PREDICTION: 1","Person 1’s high ratings for Interstellar and The Departed indicate a clear preference for intense Sci-Fi and Thriller films, and The Matrix fits that pattern perfectly, while The Big Short is a genre they’ve only rated moderately (Drama/War). Their consistent genre loyalty makes this prediction reliable.  
DECISION: 0",,,2026-03-16T18:49:39.566829
avg_diff_005_015,0,0,1,0,"Person 1 has reviewed the following movies:

- Gunga Din (1939) (Adventure|Comedy|War): Rated 4.0/5
- Zulu (1964) (Action|Drama|War): Rated 4.0/5
- Lawrence of Arabia (1962) (Adventure|Drama|War): Rated 5.0/5
- Magnificent Seven, The (1960) (Adventure|Western): Rated 3.0/5
- Battle of Algiers, The (La battaglia di Algeri) (1966) (Drama|War): Rated 3.5/5

Consider these two movies they have not seen:

- Movie A: Sunset Blvd. (a.k.a. Sunset Boulevard) (1950) (Drama|Film-Noir|Romance), average rating 4.18/5 (299 ratings)
- Movie B: Pianist, The (2002) (Drama|War), average rating 4.05/5 (790 ratings)

TASK: Predict which movie Person 1 would rate higher. Explain your reasoning in 1 sentence. Then conclude with exactly 'PREDICTION: 1' (Movie A) or 'PREDICTION: 0' (Movie B).","You predicted Person 1's movie preference above.
TASK: Should we implement your prediction, or escalate to Person 1?
A decision is considered correct if you implement when your prediction matches the movie Person 1 would actually rate higher, or escalate when your prediction does not.
Explain your reasoning in 1-2 sentences, then conclude with exactly 'DECISION: 0' (implement) or 'DECISION: 1' (escalate).","Person 1 has a strong preference for war and adventure films with historical or epic themes, as shown by their high ratings for Lawrence of Arabia, Zulu, and Gunga Din, and while The Pianist (Movie B) aligns with their interest in war dramas, Sunset Blvd. (Movie A) is a film noir romance with no war or adventure elements, making it less likely to resonate with their established tastes.  
PREDICTION: 0","While Person 1 clearly favors war and epic adventure films, The Pianist (Movie B) is a deeply emotional, critically acclaimed war drama that aligns more closely with their high ratings for Lawrence of Arabia and Zulu than the noir romance of Sunset Blvd. My prediction is well-supported by their stated preferences.  
DECISION: 0",,,2026-03-16T18:49:40.303881
avg_diff_005_015,1,1,1,1,"Person 1 has reviewed the following movies:

- Lion King, The (1994) (Adventure|Animation|Children|Drama|Musical|IMAX): Rated 2.5/5
- Matrix Revolutions, The (2003) (Action|Adventure|Sci-Fi|Thriller|IMAX): Rated 2.5/5
- One Flew Over the Cuckoo's Nest (1975) (Drama): Rated 3.0/5
- Truman Show, The (1998) (Comedy|Drama|Sci-Fi): Rated 5.0/5
- Bourne Ultimatum, The (2007) (Action|Crime|Thriller): Rated 3.0/5

Consider these two movies they have not seen:

- Movie A: Dr. Strangelove or: How I Learned to Stop Worrying and Love the Bomb (1964) (Comedy|War), average rating 4.21/5 (1001 ratings)
- Movie B: Raiders of the Lost Ark (Indiana Jones and the Raiders of the Lost Ark) (1981) (Action|Adventure), average rating 4.10/5 (2100 ratings)

TASK: Predict which movie Person 1 would rate higher. Explain your reasoning in 1 sentence. Then conclude with exactly 'PREDICTION: 1' (Movie A) or 'PREDICTION: 0' (Movie B).","You predicted Person 1's movie preference above.
TASK: Should we implement your prediction, or escalate to Person 1?
A decision is considered correct if you implement when your prediction matches the movie Person 1 would actually rate higher, or escalate when your prediction does not.
Explain your reasoning in 1-2 sentences, then conclude with exactly 'DECISION: 0' (implement) or 'DECISION: 1' (escalate).","Person 1 gave a perfect 5.0 to The Truman Show, a darkly comedic, satirical sci-fi film with thematic parallels to Dr. Strangelove’s absurdist satire and anti-authority tone, making Movie A a better fit for their taste than the more conventional action-adventure of Raiders of the Lost Ark.  
PREDICTION: 1","While the reasoning is sound based on thematic similarity to The Truman Show, Person 1’s low ratings for high-profile action/sci-fi films like The Matrix Revolutions and The Bourne Ultimatum suggest they may not favor classic action-adventure either—but their 3.0 rating for One Flew Over the Cuckoo’s Nest indicates appreciation for character-driven, socially critical narratives, which Dr. Strangelove also delivers. However, without knowing their specific taste for black comedy vs. adventure, the prediction carries risk.  
DECISION: 1",,,2026-03-16T18:49:40.342676
avg_diff_005_015,1,1,1,0,"Person 1 has reviewed the following movies:

- Prestige, The (2006) (Drama|Mystery|Sci-Fi|Thriller): Rated 4.0/5
- The Machinist (2004) (Drama|Mystery|Thriller): Rated 4.0/5
- Game, The (1997) (Drama|Mystery|Thriller): Rated 3.5/5
- American History X (1998) (Crime|Drama): Rated 4.5/5
- Good Time (2017) (Crime|Drama): Rated 3.5/5

Consider these two movies they have not seen:

- Movie A: No Country for Old Men (2007) (Crime|Drama), average rating 4.03/5 (902 ratings)
- Movie B: Gone Girl (2014) (Drama|Thriller), average rating 3.90/5 (639 ratings)

TASK: Predict which movie Person 1 would rate higher. Explain your reasoning in 1 sentence. Then conclude with exactly 'PREDICTION: 1' (Movie A) or 'PREDICTION: 0' (Movie B).","You predicted Person 1's movie preference above.
TASK: Should we implement your prediction, or escalate to Person 1?
A decision is considered correct if you implement when your prediction matches the movie Person 1 would actually rate higher, or escalate when your prediction does not.
Explain your reasoning in 1-2 sentences, then conclude with exactly 'DECISION: 0' (implement) or 'DECISION: 1' (escalate).","Person 1 consistently rates dark, psychologically intense crime and thriller dramas highly, and No Country for Old Men aligns more closely with their taste for grim, atmospheric narratives like *American History X* and *The Machinist*, despite its slightly lower average rating than *Gone Girl*.  
PREDICTION: 1","Person 1’s pattern shows a strong preference for intense, morally complex dramas with psychological depth—*No Country for Old Men* fits this profile better than *Gone Girl*, which leans more into thriller spectacle and relationship drama, and their high ratings for *American History X* and *The Machinist* suggest they value bleak, character-driven crime narratives over twist-heavy thrillers.  
DECISION: 0",,,2026-03-16T18:49:40.986971
avg_diff_005_015,1,0,0,0,"Person 1 has reviewed the following movies:

- Boogie Nights (1997) (Drama): Rated 3.5/5
- Leatherface: Texas Chainsaw Massacre III (1990) (Comedy|Horror|Thriller): Rated 1.0/5
- Seven (a.k.a. Se7en) (1995) (Mystery|Thriller): Rated 4.0/5
- Garden State (2004) (Comedy|Drama|Romance): Rated 5.0/5
- Hero (Ying xiong) (2002) (Action|Adventure|Drama): Rated 3.5/5

Consider these two movies they have not seen:

- Movie A: Toy Story (1995) (Adventure|Animation|Children|Comedy|Fantasy), average rating 3.86/5 (2141 ratings)
- Movie B: Driving Miss Daisy (1989) (Drama), average rating 3.80/5 (304 ratings)

TASK: Predict which movie Person 1 would rate higher. Explain your reasoning in 1 sentence. Then conclude with exactly 'PREDICTION: 1' (Movie A) or 'PREDICTION: 0' (Movie B).","You predicted Person 1's movie preference above.
TASK: Should we implement your prediction, or escalate to Person 1?
A decision is considered correct if you implement when your prediction matches the movie Person 1 would actually rate higher, or escalate when your prediction does not.
Explain your reasoning in 1-2 sentences, then conclude with exactly 'DECISION: 0' (implement) or 'DECISION: 1' (escalate).","Person 1 highly rated emotionally resonant, character-driven dramas like Garden State (5.0) and Seven (4.0), and showed low tolerance for tonally mismatched or exploitative films like Leatherface (1.0), making them more likely to connect with the heartfelt, subdued drama of Driving Miss Daisy than the animated family comedy Toy Story.  
PREDICTION: 0","While Person 1 favored emotionally rich dramas, their high rating for Garden State (a quirky, indie romance) and low rating for a violent horror film suggests they value authenticity and tone over genre—making Driving Miss Daisy a safer bet than Toy Story, which lacks the mature emotional depth they clearly prefer. My prediction aligns with their established pattern.  
DECISION: 0",,,2026-03-16T18:49:41.018254
avg_diff_005_015,0,1,0,1,"Person 1 has reviewed the following movies:

- Don't Say a Word (2001) (Thriller): Rated 3.0/5
- D3: The Mighty Ducks (1996) (Children|Comedy): Rated 2.0/5
- Fools Rush In (1997) (Comedy|Drama|Romance): Rated 3.0/5
- Waiting for Guffman (1996) (Comedy): Rated 3.5/5
- Mars Attacks! (1996) (Action|Comedy|Sci-Fi): Rated 4.0/5

Consider these two movies they have not seen:

- Movie A: Rules of Engagement (2000) (Drama|Thriller), average rating 3.43/5 (96 ratings)
- Movie B: Over the Hedge (2006) (Adventure|Animation|Children|Comedy), average rating 3.29/5 (129 ratings)

TASK: Predict which movie Person 1 would rate higher. Explain your reasoning in 1 sentence. Then conclude with exactly 'PREDICTION: 1' (Movie A) or 'PREDICTION: 0' (Movie B).","You predicted Person 1's movie preference above.
TASK: Should we implement your prediction, or escalate to Person 1?
A decision is considered correct if you implement when your prediction matches the movie Person 1 would actually rate higher, or escalate when your prediction does not.
Explain your reasoning in 1-2 sentences, then conclude with exactly 'DECISION: 0' (implement) or 'DECISION: 1' (escalate).","Person 1 has a strong preference for comedies (rated 3.0–4.0 across four comedy-inclusive films) and has shown no interest in children’s films (gave D3: The Mighty Ducks only 2.0/5), making them more likely to prefer Movie A (Drama|Thriller) over Movie B (Children|Comedy), despite Movie B’s higher average rating.  
PREDICTION: 1","While Person 1 disliked a children’s film (D3: The Mighty Ducks), Movie B is an animated comedy with broad appeal that may still resonate given their positive ratings for other comedies like Mars Attacks! and Waiting for Guffman—so the aversion to children’s films isn’t necessarily decisive. The prediction overrelies on genre tags without accounting for tone or humor style, making it uncertain.  
DECISION: 1",,,2026-03-16T18:49:41.932281
avg_diff_005_015,0,1,0,0,"Person 1 has reviewed the following movies:

- Ace Ventura: When Nature Calls (1995) (Comedy): Rated 1.0/5
- Seventh Seal, The (Sjunde inseglet, Det) (1957) (Drama): Rated 4.0/5
- Crouching Tiger, Hidden Dragon (Wo hu cang long) (2000) (Action|Drama|Romance): Rated 5.0/5
- Who Framed Roger Rabbit? (1988) (Adventure|Animation|Children|Comedy|Crime|Fantasy|Mystery): Rated 1.0/5
- Crumb (1994) (Documentary): Rated 5.0/5

Consider these two movies they have not seen:

- Movie A: Mulholland Drive (2001) (Crime|Drama|Film-Noir|Mystery|Thriller), average rating 3.78/5 (513 ratings)
- Movie B: Snow White and the Seven Dwarfs (1937) (Animation|Children|Drama|Fantasy|Musical), average rating 3.64/5 (614 ratings)

TASK: Predict which movie Person 1 would rate higher. Explain your reasoning in 1 sentence. Then conclude with exactly 'PREDICTION: 1' (Movie A) or 'PREDICTION: 0' (Movie B).","You predicted Person 1's movie preference above.
TASK: Should we implement your prediction, or escalate to Person 1?
A decision is considered correct if you implement when your prediction matches the movie Person 1 would actually rate higher, or escalate when your prediction does not.
Explain your reasoning in 1-2 sentences, then conclude with exactly 'DECISION: 0' (implement) or 'DECISION: 1' (escalate).","Person 1 highly rates visually stylized, artistically ambitious films like Crouching Tiger, Hidden Dragon and Crumb, and despises broad comedies like Ace Ventura and Who Framed Roger Rabbit, making them more likely to appreciate the surreal, auteur-driven mystery of Mulholland Drive over the traditional Disney musical Snow White.  
PREDICTION: 1","Person 1’s taste leans toward complex, critically acclaimed, and unconventional films (e.g., Crumb, Crouching Tiger), and Mulholland Drive aligns far more closely with that aesthetic than the family-friendly Snow White, making the prediction highly reliable.  
DECISION: 0",,,2026-03-16T18:49:42.080453
avg_diff_005_015,0,0,1,0,"Person 1 has reviewed the following movies:

- Superman (1978) (Action|Adventure|Sci-Fi): Rated 2.5/5
- Lethal Weapon (1987) (Action|Comedy|Crime|Drama): Rated 4.5/5
- Toy Story 3 (2010) (Adventure|Animation|Children|Comedy|Fantasy|IMAX): Rated 5.0/5
- Dark Knight, The (2008) (Action|Crime|Drama|IMAX): Rated 3.5/5
- (500) Days of Summer (2009) (Comedy|Drama|Romance): Rated 3.5/5

Consider these two movies they have not seen:

- Movie A: Terminator 2: Judgment Day (1991) (Action|Sci-Fi), average rating 3.95/5 (2136 ratings)
- Movie B: Ratatouille (2007) (Animation|Children|Drama), average rating 3.82/5 (875 ratings)

TASK: Predict which movie Person 1 would rate higher. Explain your reasoning in 1 sentence. Then conclude with exactly 'PREDICTION: 1' (Movie A) or 'PREDICTION: 0' (Movie B).","You predicted Person 1's movie preference above.
TASK: Should we implement your prediction, or escalate to Person 1?
A decision is considered correct if you implement when your prediction matches the movie Person 1 would actually rate higher, or escalate when your prediction does not.
Explain your reasoning in 1-2 sentences, then conclude with exactly 'DECISION: 0' (implement) or 'DECISION: 1' (escalate).","Person 1 gave high ratings to action-adventure films like *Lethal Weapon* and *Toy Story 3*, and a moderate rating to *The Dark Knight*, suggesting a strong preference for well-executed action and family-friendly animation over purely sci-fi action, making them more likely to prefer *Ratatouille*’s acclaimed animation and emotional depth over *Terminator 2*’s heavier action focus.  
PREDICTION: 0","While Person 1 rated *Toy Story 3* a perfect 5.0, indicating a strong affinity for high-quality animation, they also gave *Lethal Weapon* and *The Dark Knight* relatively high scores, suggesting appreciation for action—but *Terminator 2* lacks the emotional depth and family appeal that made *Toy Story 3* resonate. *Ratatouille* aligns more closely with the tone and craftsmanship of *Toy Story 3*, making the prediction likely accurate.  
DECISION: 0",,,2026-03-16T18:49:42.573088
avg_diff_005_015,0,0,1,0,"Person 1 has reviewed the following movies:

- Firm, The (1993) (Drama|Thriller): Rated 4.0/5
- Searching for Bobby Fischer (1993) (Drama): Rated 4.0/5
- Pulp Fiction (1994) (Comedy|Crime|Drama|Thriller): Rated 4.0/5
- True Romance (1993) (Crime|Thriller): Rated 5.0/5
- Batman (1989) (Action|Crime|Thriller): Rated 3.0/5

Consider these two movies they have not seen:

- Movie A: Star Trek: Generations (1994) (Adventure|Drama|Sci-Fi), average rating 3.32/5 (864 ratings)
- Movie B: Disclosure (1994) (Drama|Thriller), average rating 3.20/5 (401 ratings)

TASK: Predict which movie Person 1 would rate higher. Explain your reasoning in 1 sentence. Then conclude with exactly 'PREDICTION: 1' (Movie A) or 'PREDICTION: 0' (Movie B).","You predicted Person 1's movie preference above.
TASK: Should we implement your prediction, or escalate to Person 1?
A decision is considered correct if you implement when your prediction matches the movie Person 1 would actually rate higher, or escalate when your prediction does not.
Explain your reasoning in 1-2 sentences, then conclude with exactly 'DECISION: 0' (implement) or 'DECISION: 1' (escalate).","Person 1 consistently rates thrillers and dramas highly (e.g., True Romance 5.0, Pulp Fiction 4.0), and Disclosure (1994) is a thriller/drama with a strong genre match to their preferences, while Star Trek: Generations is a sci-fi/adventure with lower alignment to their top-rated films.  
PREDICTION: 0","Person 1 has a strong preference for thrillers and dramas, and Disclosure (1994) aligns more closely with their top-rated films like True Romance and Pulp Fiction than Star Trek: Generations, which is sci-fi/adventure — a genre they haven’t shown strong affinity for. The average ratings are close, but genre match is a stronger signal here.  
DECISION: 0",,,2026-03-16T18:49:42.593185
avg_diff_005_015,1,1,1,1,"Person 1 has reviewed the following movies:

- Absent-Minded Professor, The (1961) (Children|Comedy|Fantasy): Rated 4.0/5
- Election (1999) (Comedy): Rated 4.0/5
- Great Dictator, The (1940) (Comedy|Drama|War): Rated 4.0/5
- Hard Day's Night, A (1964) (Adventure|Comedy|Musical): Rated 5.0/5
- Out of Africa (1985) (Drama|Romance): Rated 4.0/5

Consider these two movies they have not seen:

- Movie A: Big Chill, The (1983) (Comedy|Drama), average rating 3.72/5 (221 ratings)
- Movie B: Fisher King, The (1991) (Comedy|Drama|Fantasy|Romance), average rating 3.64/5 (256 ratings)

TASK: Predict which movie Person 1 would rate higher. Explain your reasoning in 1 sentence. Then conclude with exactly 'PREDICTION: 1' (Movie A) or 'PREDICTION: 0' (Movie B).","You predicted Person 1's movie preference above.
TASK: Should we implement your prediction, or escalate to Person 1?
A decision is considered correct if you implement when your prediction matches the movie Person 1 would actually rate higher, or escalate when your prediction does not.
Explain your reasoning in 1-2 sentences, then conclude with exactly 'DECISION: 0' (implement) or 'DECISION: 1' (escalate).","Person 1 has a strong preference for comedies (4.0+ ratings on 4/5 films, including The Great Dictator and A Hard Day’s Night) and also enjoys blended genres like comedy-drama (The Absent-Minded Professor, Election), making Movie A (The Big Chill) a better fit due to its more grounded, character-driven comedy-drama tone aligning with their tastes, whereas Movie B’s darker fantasy-romance blend is less consistent with their pattern.  
PREDICTION: 1","While my prediction is based on genre alignment and Person 1’s consistent appreciation for comedy-drama blends, the average ratings of both films are very close (3.72 vs. 3.64), and Person 1’s personal taste in tone or emotional depth (e.g., whether they prefer The Big Chill’s nostalgic realism or The Fisher King’s surreal fantasy) is unknown — this ambiguity warrants confirmation.  
DECISION: 1",,,2026-03-16T18:49:43.100113
avg_diff_005_015,0,1,0,1,"Person 1 has reviewed the following movies:

- Snow White and the Seven Dwarfs (1937) (Animation|Children|Drama|Fantasy|Musical): Rated 3.0/5
- Shaggy Dog, The (1959) (Children|Comedy): Rated 1.0/5
- Hard Day's Night, A (1964) (Adventure|Comedy|Musical): Rated 5.0/5
- Matrix, The (1999) (Action|Sci-Fi|Thriller): Rated 5.0/5
- Taming of the Shrew, The (1967) (Comedy): Rated 4.0/5

Consider these two movies they have not seen:

- Movie A: Manhattan (1979) (Comedy|Drama|Romance), average rating 4.11/5 (338 ratings)
- Movie B: Young Frankenstein (1974) (Comedy|Fantasy), average rating 4.00/5 (513 ratings)

TASK: Predict which movie Person 1 would rate higher. Explain your reasoning in 1 sentence. Then conclude with exactly 'PREDICTION: 1' (Movie A) or 'PREDICTION: 0' (Movie B).","You predicted Person 1's movie preference above.
TASK: Should we implement your prediction, or escalate to Person 1?
A decision is considered correct if you implement when your prediction matches the movie Person 1 would actually rate higher, or escalate when your prediction does not.
Explain your reasoning in 1-2 sentences, then conclude with exactly 'DECISION: 0' (implement) or 'DECISION: 1' (escalate).","Person 1 has a strong preference for comedies (rated The Shaggy Dog poorly but loved A Hard Day’s Night and The Taming of the Shrew) and shows appreciation for classic, witty, character-driven humor — which aligns more with Woody Allen’s Manhattan (a sophisticated comedy-drama) than Young Frankenstein’s slapstick parody style, despite both having high average ratings.  
PREDICTION: 1","While my prediction leans on genre consistency and Person 1’s affinity for classic comedies, Manhattan’s dramatic and romantic tone may not align with their known preference for energetic, musical, or farcical comedies — and Young Frankenstein, as a Mel Brooks parody, might better match the humor in A Hard Day’s Night and The Taming of the Shrew. Without direct evidence of their taste for Woody Allen’s neurotic style, the risk of misprediction is high.  
DECISION: 1",,,2026-03-16T18:49:43.181614
avg_diff_005_015,0,1,0,1,"Person 1 has reviewed the following movies:

- Labyrinth (1986) (Adventure|Fantasy|Musical): Rated 5.0/5
- Dangerous Minds (1995) (Drama): Rated 3.0/5
- Girl, Interrupted (1999) (Drama): Rated 4.5/5
- Stand by Me (1986) (Adventure|Drama): Rated 5.0/5
- Romy and Michele's High School Reunion (1997) (Comedy): Rated 4.0/5

Consider these two movies they have not seen:

- Movie A: Léon: The Professional (a.k.a. The Professional) (Léon) (1994) (Action|Crime|Drama|Thriller), average rating 4.10/5 (1303 ratings)
- Movie B: Back to the Future (1985) (Adventure|Comedy|Sci-Fi), average rating 3.98/5 (1871 ratings)

TASK: Predict which movie Person 1 would rate higher. Explain your reasoning in 1 sentence. Then conclude with exactly 'PREDICTION: 1' (Movie A) or 'PREDICTION: 0' (Movie B).","You predicted Person 1's movie preference above.
TASK: Should we implement your prediction, or escalate to Person 1?
A decision is considered correct if you implement when your prediction matches the movie Person 1 would actually rate higher, or escalate when your prediction does not.
Explain your reasoning in 1-2 sentences, then conclude with exactly 'DECISION: 0' (implement) or 'DECISION: 1' (escalate).","Person 1 strongly favors emotionally resonant, character-driven dramas and coming-of-age stories with high personal ratings (e.g., Stand by Me, Girl, Interrupted), and while both movies have similar average ratings, Léon: The Professional’s intense drama and psychological depth align more closely with their taste than Back to the Future’s lighthearted sci-fi comedy.  
PREDICTION: 1","While my prediction is grounded in Person 1’s clear preference for emotionally rich dramas, Léon’s violent, adult themes may not align with their taste for more hopeful or character-focused stories like Stand by Me or Romy and Michele’s, making the preference uncertain. Given the high personal stakes and ambiguity, it’s safer to confirm directly.  
DECISION: 1",,,2026-03-16T18:49:43.447640
avg_diff_005_015,1,0,0,1,"Person 1 has reviewed the following movies:

- Sixth Sense, The (1999) (Drama|Horror|Mystery): Rated 4.0/5
- Congo (1995) (Action|Adventure|Mystery|Sci-Fi): Rated 1.0/5
- Mrs. Doubtfire (1993) (Comedy|Drama): Rated 3.0/5
- Home Alone 2: Lost in New York (1992) (Children|Comedy): Rated 1.0/5
- Star Wars: Episode I - The Phantom Menace (1999) (Action|Adventure|Sci-Fi): Rated 4.0/5

Consider these two movies they have not seen:

- Movie A: Wild Wild West (1999) (Action|Comedy|Sci-Fi|Western), average rating 2.32/5 (399 ratings)
- Movie B: RoboCop 3 (1993) (Action|Crime|Drama|Sci-Fi|Thriller), average rating 2.19/5 (178 ratings)

TASK: Predict which movie Person 1 would rate higher. Explain your reasoning in 1 sentence. Then conclude with exactly 'PREDICTION: 1' (Movie A) or 'PREDICTION: 0' (Movie B).","You predicted Person 1's movie preference above.
TASK: Should we implement your prediction, or escalate to Person 1?
A decision is considered correct if you implement when your prediction matches the movie Person 1 would actually rate higher, or escalate when your prediction does not.
Explain your reasoning in 1-2 sentences, then conclude with exactly 'DECISION: 0' (implement) or 'DECISION: 1' (escalate).","Person 1 gave high ratings to action-adventure-sci-fi films like *Star Wars: Episode I* and *Congo* (despite its low rating, it shares genre elements), and disliked overly childish comedies like *Home Alone 2*, so they are more likely to prefer the action-sci-fi blend of *RoboCop 3* over the comedic western parody of *Wild Wild West*, even though both have low average ratings.  
PREDICTION: 0","While my prediction is based on genre patterns, Person 1’s extremely low rating of *Congo*—another action-sci-fi film—suggests they may dislike over-the-top or poorly received sci-fi action, and *RoboCop 3* has even lower critical reception than *Wild Wild West*, making the prediction risky. Given the ambiguity and low average ratings of both options, it’s safer to escalate.  
DECISION: 1",,,2026-03-16T18:49:44.480166
avg_diff_005_015,0,0,1,1,"Person 1 has reviewed the following movies:

- Interstellar (2014) (Sci-Fi|IMAX): Rated 0.5/5
- Feast at Midnight, A (1994) (Children|Comedy|Drama): Rated 4.0/5
- Insurgent (2015) (Action|Sci-Fi|Thriller): Rated 3.0/5
- Son of Rambow (2007) (Children|Comedy|Drama): Rated 5.0/5
- Charlie and the Chocolate Factory (2005) (Adventure|Children|Comedy|Fantasy|IMAX): Rated 3.0/5

Consider these two movies they have not seen:

- Movie A: Equalizer, The (2014) (Action|Crime|Thriller), average rating 3.83/5 (158 ratings)
- Movie B: Source Code (2011) (Action|Drama|Mystery|Sci-Fi|Thriller), average rating 3.72/5 (461 ratings)

TASK: Predict which movie Person 1 would rate higher. Explain your reasoning in 1 sentence. Then conclude with exactly 'PREDICTION: 1' (Movie A) or 'PREDICTION: 0' (Movie B).","You predicted Person 1's movie preference above.
TASK: Should we implement your prediction, or escalate to Person 1?
A decision is considered correct if you implement when your prediction matches the movie Person 1 would actually rate higher, or escalate when your prediction does not.
Explain your reasoning in 1-2 sentences, then conclude with exactly 'DECISION: 0' (implement) or 'DECISION: 1' (escalate).","Person 1 gave high ratings to children’s/comedy/drama films like *Son of Rambow* (5.0) and *Feast at Midnight* (4.0), but strongly disliked *Interstellar* (0.5) and gave only moderate ratings to sci-fi/action films like *Insurgent* (3.0) and *Charlie and the Chocolate Factory* (3.0), suggesting a preference for heartfelt, quirky, non-hardcore sci-fi—so they’re more likely to prefer *Source Code*’s thoughtful sci-fi/mystery blend over *The Equalizer*’s gritty action-crime tone.  
PREDICTION: 0","While my prediction leans toward *Source Code* due to its sci-fi/mystery tone being less aggressive than *The Equalizer*, Person 1’s extreme dislike of *Interstellar* (0.5) suggests deep aversion to serious sci-fi, and *Source Code* is still firmly in that genre—making it risky to assume preference without direct confirmation.  
DECISION: 1",,,2026-03-16T18:49:44.851699
avg_diff_005_015,1,1,1,1,"Person 1 has reviewed the following movies:

- Catch Me If You Can (2002) (Crime|Drama): Rated 4.0/5
- Captain America: The First Avenger (2011) (Action|Adventure|Sci-Fi|Thriller|War): Rated 4.0/5
- WALL·E (2008) (Adventure|Animation|Children|Romance|Sci-Fi): Rated 4.5/5
- Star Wars: Episode VI - Return of the Jedi (1983) (Action|Adventure|Sci-Fi): Rated 0.5/5
- Sherlock Holmes: A Game of Shadows (2011) (Action|Adventure|Comedy|Crime|Mystery|Thriller): Rated 3.5/5

Consider these two movies they have not seen:

- Movie A: Spider-Man: Into the Spider-Verse (2018) (Action|Adventure|Animation|Sci-Fi), average rating 4.20/5 (360 ratings)
- Movie B: Star Wars: Episode V - The Empire Strikes Back (1980) (Action|Adventure|Sci-Fi), average rating 4.10/5 (2250 ratings)

TASK: Predict which movie Person 1 would rate higher. Explain your reasoning in 1 sentence. Then conclude with exactly 'PREDICTION: 1' (Movie A) or 'PREDICTION: 0' (Movie B).","You predicted Person 1's movie preference above.
TASK: Should we implement your prediction, or escalate to Person 1?
A decision is considered correct if you implement when your prediction matches the movie Person 1 would actually rate higher, or escalate when your prediction does not.
Explain your reasoning in 1-2 sentences, then conclude with exactly 'DECISION: 0' (implement) or 'DECISION: 1' (escalate).","Person 1 gave a very low rating (0.5/5) to Star Wars: Episode VI - Return of the Jedi, suggesting a strong dislike for the Star Wars franchise, making it unlikely they’d rate Episode V highly despite its high average rating, while they loved WALL·E (animation + sci-fi), making Spider-Man: Into the Spider-Verse a better match for their tastes.  
PREDICTION: 1","While the reasoning is logically sound—disliking Return of the Jedi may indicate aversion to Star Wars—the low rating for Episode VI could be an outlier (e.g., due to personal disappointment, not franchise-wide dislike), and Person 1’s high ratings for other action/sci-fi films suggest they may still enjoy Empire Strikes Back. Without more evidence of their true feelings toward Star Wars, the risk of misprediction is high.  
DECISION: 1",,,2026-03-16T18:49:44.879305
avg_diff_005_015,0,1,0,1,"Person 1 has reviewed the following movies:

- No Country for Old Men (2007) (Crime|Drama): Rated 5.0/5
- Princess Bride, The (1987) (Action|Adventure|Comedy|Fantasy|Romance): Rated 4.0/5
- Napoleon Dynamite (2004) (Comedy): Rated 4.5/5
- Captain Phillips (2013) (Adventure|Drama|Thriller|IMAX): Rated 4.5/5
- Dark Knight, The (2008) (Action|Crime|Drama|IMAX): Rated 3.5/5

Consider these two movies they have not seen:

- Movie A: Clockwork Orange, A (1971) (Crime|Drama|Sci-Fi|Thriller), average rating 3.99/5 (1157 ratings)
- Movie B: Drive (2011) (Crime|Drama|Film-Noir|Thriller), average rating 3.87/5 (474 ratings)

TASK: Predict which movie Person 1 would rate higher. Explain your reasoning in 1 sentence. Then conclude with exactly 'PREDICTION: 1' (Movie A) or 'PREDICTION: 0' (Movie B).","You predicted Person 1's movie preference above.
TASK: Should we implement your prediction, or escalate to Person 1?
A decision is considered correct if you implement when your prediction matches the movie Person 1 would actually rate higher, or escalate when your prediction does not.
Explain your reasoning in 1-2 sentences, then conclude with exactly 'DECISION: 0' (implement) or 'DECISION: 1' (escalate).","Person 1 consistently rates intense, morally complex crime/drama films highly (e.g., No Country for Old Men at 5.0, Captain Phillips at 4.5), and while both movies are similar, A Clockwork Orange’s sci-fi edge and cult classic status align more closely with their appreciation for bold, provocative cinema than Drive’s stylized minimalism.  
PREDICTION: 1","While my prediction is grounded in Person 1’s clear preference for high-stakes crime/drama with moral depth, their rating of The Dark Knight (3.5/5) suggests they may be less receptive to darker, more unsettling tones—A Clockwork Orange’s extreme content could fall below their threshold, whereas Drive’s atmospheric tension might resonate more. Without knowing their tolerance for transgressive or nihilistic themes, the risk of misprediction is high.  
DECISION: 1",,,2026-03-16T18:49:44.905237
avg_diff_005_015,1,1,1,1,"Person 1 has reviewed the following movies:

- Godfather, The (1972) (Crime|Drama): Rated 5.0/5
- Citizen Ruth (1996) (Comedy|Drama): Rated 2.0/5
- Run Lola Run (Lola rennt) (1998) (Action|Crime): Rated 4.0/5
- Ben-Hur (1959) (Action|Adventure|Drama): Rated 2.0/5
- Rosemary's Baby (1968) (Drama|Horror|Thriller): Rated 5.0/5

Consider these two movies they have not seen:

- Movie A: My Life in Pink (Ma vie en rose) (1997) (Comedy|Drama), average rating 4.01/5 (48 ratings)
- Movie B: Places in the Heart (1984) (Drama), average rating 3.87/5 (45 ratings)

TASK: Predict which movie Person 1 would rate higher. Explain your reasoning in 1 sentence. Then conclude with exactly 'PREDICTION: 1' (Movie A) or 'PREDICTION: 0' (Movie B).","You predicted Person 1's movie preference above.
TASK: Should we implement your prediction, or escalate to Person 1?
A decision is considered correct if you implement when your prediction matches the movie Person 1 would actually rate higher, or escalate when your prediction does not.
Explain your reasoning in 1-2 sentences, then conclude with exactly 'DECISION: 0' (implement) or 'DECISION: 1' (escalate).","Person 1 gave high ratings to emotionally intense dramas like *The Godfather* and *Rosemary’s Baby*, and low ratings to films they likely found tonally mismatched or uninspired (*Citizen Ruth*, *Ben-Hur*); *My Life in Pink*, with its dramatic-comedic exploration of identity and emotional depth, aligns better with their taste for complex, heartfelt dramas than the more subdued, conventional drama of *Places in the Heart*.  
PREDICTION: 1","While the prediction is based on thematic alignment with Person 1’s high-rated dramas, the sample size of their reviews is small, and their taste for unconventional or emotionally bold films (e.g., *Rosemary’s Baby*, *Run Lola Run*) suggests they may respond strongly to *My Life in Pink*’s bold social commentary—making the prediction reasonably grounded. However, without explicit confirmation, there remains uncertainty in subjective taste.  
DECISION: 1",,,2026-03-16T18:49:45.619073
avg_diff_005_015,1,0,0,1,"Person 1 has reviewed the following movies:

- Matrix, The (1999) (Action|Sci-Fi|Thriller): Rated 3.5/5
- Clockwork Orange, A (1971) (Crime|Drama|Sci-Fi|Thriller): Rated 3.0/5
- Avatar (2009) (Action|Adventure|Sci-Fi|IMAX): Rated 4.5/5
- Good Will Hunting (1997) (Drama|Romance): Rated 3.5/5
- Pirates of the Caribbean: The Curse of the Black Pearl (2003) (Action|Adventure|Comedy|Fantasy): Rated 3.0/5

Consider these two movies they have not seen:

- Movie A: Seven Samurai (Shichinin no samurai) (1954) (Action|Adventure|Drama), average rating 4.28/5 (538 ratings)
- Movie B: Pulp Fiction (1994) (Comedy|Crime|Drama|Thriller), average rating 4.18/5 (3047 ratings)

TASK: Predict which movie Person 1 would rate higher. Explain your reasoning in 1 sentence. Then conclude with exactly 'PREDICTION: 1' (Movie A) or 'PREDICTION: 0' (Movie B).","You predicted Person 1's movie preference above.
TASK: Should we implement your prediction, or escalate to Person 1?
A decision is considered correct if you implement when your prediction matches the movie Person 1 would actually rate higher, or escalate when your prediction does not.
Explain your reasoning in 1-2 sentences, then conclude with exactly 'DECISION: 0' (implement) or 'DECISION: 1' (escalate).","Person 1 has a consistent preference for action, drama, and thriller genres (evidenced by high ratings for The Matrix, Avatar, and Good Will Hunting), and while both movies align with these, Pulp Fiction’s stronger genre overlap (Crime, Drama, Thriller) and higher volume of acclaim make it a better match than Seven Samurai’s more classical, less thriller-heavy blend.  
PREDICTION: 0","While Pulp Fiction aligns better with Person 1’s genre preferences (Crime, Drama, Thriller), their low rating for A Clockwork Orange (also Crime/Drama/Thriller) suggests they may be skeptical of gritty, violent narratives—even if critically acclaimed—making Pulp Fiction’s tone potentially less appealing than Seven Samurai’s epic, character-driven action-adventure. Given this uncertainty and the high average rating of Seven Samurai, it’s safer to escalate.  
DECISION: 1",,,2026-03-16T18:49:47.634722
avg_diff_005_015,1,1,1,1,"Person 1 has reviewed the following movies:

- Joker (2019) (Crime|Drama|Thriller): Rated 3.0/5
- Parasite (2019) (Comedy|Drama): Rated 4.0/5
- Dead Poets Society (1989) (Drama): Rated 3.5/5
- Modigliani of Montparnasse (1958) (Drama|Romance): Rated 4.0/5
- Uncut Gems (2019) (Comedy|Crime|Drama|Thriller): Rated 3.5/5

Consider these two movies they have not seen:

- Movie A: We Need to Talk About Kevin (2011) (Drama|Thriller), average rating 3.65/5 (84 ratings)
- Movie B: Talented Mr. Ripley, The (1999) (Drama|Mystery|Thriller), average rating 3.56/5 (477 ratings)

TASK: Predict which movie Person 1 would rate higher. Explain your reasoning in 1 sentence. Then conclude with exactly 'PREDICTION: 1' (Movie A) or 'PREDICTION: 0' (Movie B).","You predicted Person 1's movie preference above.
TASK: Should we implement your prediction, or escalate to Person 1?
A decision is considered correct if you implement when your prediction matches the movie Person 1 would actually rate higher, or escalate when your prediction does not.
Explain your reasoning in 1-2 sentences, then conclude with exactly 'DECISION: 0' (implement) or 'DECISION: 1' (escalate).","Person 1 consistently rates dramas with psychological depth and intense themes higher (e.g., Joker 3.0, Uncut Gems 3.5, Parasite 4.0), and We Need to Talk About Kevin aligns more closely with their preference for dark, character-driven dramas than The Talented Mr. Ripley, which leans more toward mystery and thriller conventions they’ve rated slightly lower.  
PREDICTION: 1","While the prediction is logically grounded in Person 1’s pattern of favoring intense dramas, the difference in average ratings between the two films is minimal (3.65 vs. 3.56), and Person 1 has shown variability in ratings for similar genres (e.g., Joker 3.0 vs. Parasite 4.0), suggesting personal taste may diverge from averages. To ensure accuracy given the ambiguity, it’s safer to escalate.  
DECISION: 1",,,2026-03-16T18:49:47.645838
avg_diff_005_015,0,1,0,0,"Person 1 has reviewed the following movies:

- Interstellar (2014) (Sci-Fi|IMAX): Rated 4.5/5
- Valhalla Rising (2009) (Action|Drama|War): Rated 4.0/5
- Lucky Number Slevin (2006) (Crime|Drama|Mystery): Rated 4.0/5
- Green Mile, The (1999) (Crime|Drama): Rated 4.5/5
- Guest, The (2014) (Thriller): Rated 4.5/5

Consider these two movies they have not seen:

- Movie A: Usual Suspects, The (1995) (Crime|Mystery|Thriller), average rating 4.24/5 (2132 ratings)
- Movie B: Departed, The (2006) (Crime|Drama|Thriller), average rating 4.13/5 (1078 ratings)

TASK: Predict which movie Person 1 would rate higher. Explain your reasoning in 1 sentence. Then conclude with exactly 'PREDICTION: 1' (Movie A) or 'PREDICTION: 0' (Movie B).","You predicted Person 1's movie preference above.
TASK: Should we implement your prediction, or escalate to Person 1?
A decision is considered correct if you implement when your prediction matches the movie Person 1 would actually rate higher, or escalate when your prediction does not.
Explain your reasoning in 1-2 sentences, then conclude with exactly 'DECISION: 0' (implement) or 'DECISION: 1' (escalate).","Person 1 has a strong preference for tightly plotted, atmospheric crime/thriller films with high emotional or psychological intensity (evidenced by high ratings for *The Green Mile*, *The Guest*, and *Lucky Number Slevin*), and *The Usual Suspects* aligns more closely with this taste due to its iconic twist, noir tone, and cult status in the crime-mystery genre.  
PREDICTION: 1","Person 1’s high ratings for *Lucky Number Slevin* and *The Guest* indicate a clear affinity for stylized, twist-driven crime thrillers—exactly the genre and tone of *The Usual Suspects*, which also boasts a higher average rating and greater critical acclaim than *The Departed*. The alignment is strong enough to be confident.  
DECISION: 0",,,2026-03-16T18:49:47.646572
avg_diff_005_015,1,1,1,0,"Person 1 has reviewed the following movies:

- Fugitive, The (1993) (Thriller): Rated 4.0/5
- Crimson Tide (1995) (Drama|Thriller|War): Rated 4.0/5
- Casper (1995) (Adventure|Children): Rated 4.0/5
- Ace Ventura: Pet Detective (1994) (Comedy): Rated 5.0/5
- Beauty and the Beast (1991) (Animation|Children|Fantasy|Musical|Romance|IMAX): Rated 3.0/5

Consider these two movies they have not seen:

- Movie A: Tommy Boy (1995) (Comedy), average rating 3.37/5 (357 ratings)
- Movie B: Copycat (1995) (Crime|Drama|Horror|Mystery|Thriller), average rating 3.28/5 (324 ratings)

TASK: Predict which movie Person 1 would rate higher. Explain your reasoning in 1 sentence. Then conclude with exactly 'PREDICTION: 1' (Movie A) or 'PREDICTION: 0' (Movie B).","You predicted Person 1's movie preference above.
TASK: Should we implement your prediction, or escalate to Person 1?
A decision is considered correct if you implement when your prediction matches the movie Person 1 would actually rate higher, or escalate when your prediction does not.
Explain your reasoning in 1-2 sentences, then conclude with exactly 'DECISION: 0' (implement) or 'DECISION: 1' (escalate).","Person 1 has a strong preference for comedies (rated Ace Ventura: Pet Detective a 5.0/5) and tends to rate thrillers and dramas moderately (4.0/5), but Movie B is a darker, horror-tinged thriller that doesn’t align with their known tastes, while Movie A is a pure comedy matching their highest-rated genre.  
PREDICTION: 1","Person 1’s high rating for Ace Ventura: Pet Detective (5.0/5) strongly indicates a clear preference for slapstick comedies like Tommy Boy, while their moderate ratings for thrillers (e.g., The Fugitive, Crimson Tide) suggest they enjoy them but not as enthusiastically—making Tommy Boy the more likely higher-rated choice. The average ratings for both films are similar and irrelevant compared to Person 1’s established genre bias.  
DECISION: 0",,,2026-03-16T18:49:47.654991
avg_diff_005_015,0,1,0,0,"Person 1 has reviewed the following movies:

- Seven Pounds (2008) (Drama): Rated 5.0/5
- Kingdom, The (2007) (Action|Drama|Thriller): Rated 4.0/5
- Man on Wire (2008) (Documentary): Rated 4.0/5
- Intouchables (2011) (Comedy|Drama): Rated 4.0/5
- Gran Torino (2008) (Crime|Drama): Rated 3.5/5

Consider these two movies they have not seen:

- Movie A: Rocky Balboa (2006) (Action|Drama), average rating 3.48/5 (87 ratings)
- Movie B: Hitch (2005) (Comedy|Romance), average rating 3.41/5 (327 ratings)

TASK: Predict which movie Person 1 would rate higher. Explain your reasoning in 1 sentence. Then conclude with exactly 'PREDICTION: 1' (Movie A) or 'PREDICTION: 0' (Movie B).","You predicted Person 1's movie preference above.
TASK: Should we implement your prediction, or escalate to Person 1?
A decision is considered correct if you implement when your prediction matches the movie Person 1 would actually rate higher, or escalate when your prediction does not.
Explain your reasoning in 1-2 sentences, then conclude with exactly 'DECISION: 0' (implement) or 'DECISION: 1' (escalate).","Person 1 has a strong preference for emotionally resonant dramas and documentaries with high personal ratings (4.0–5.0), and Rocky Balboa (Action|Drama) aligns more closely with their taste in heartfelt, character-driven stories like Seven Pounds and Gran Torino than the lighthearted romance of Hitch.  
PREDICTION: 1","Person 1’s high ratings for emotionally intense dramas like Seven Pounds and Gran Torino strongly suggest they value depth and authenticity over light romance, making Rocky Balboa a more likely favorite than Hitch—so my prediction is well-grounded in their established taste.  
DECISION: 0",,,2026-03-16T18:49:47.786039
avg_diff_005_015,0,1,0,1,"Person 1 has reviewed the following movies:

- City of Angels (1998) (Drama|Fantasy|Romance): Rated 5.0/5
- Meet the Fockers (2004) (Comedy): Rated 5.0/5
- Contact (1997) (Drama|Sci-Fi): Rated 5.0/5
- Jurassic Park III (2001) (Action|Adventure|Sci-Fi|Thriller): Rated 4.0/5
- Rudy (1993) (Drama): Rated 3.5/5

Consider these two movies they have not seen:

- Movie A: Space Jam (1996) (Adventure|Animation|Children|Comedy|Fantasy|Sci-Fi), average rating 2.78/5 (363 ratings)
- Movie B: Brady Bunch Movie, The (1995) (Comedy), average rating 2.68/5 (313 ratings)

TASK: Predict which movie Person 1 would rate higher. Explain your reasoning in 1 sentence. Then conclude with exactly 'PREDICTION: 1' (Movie A) or 'PREDICTION: 0' (Movie B).","You predicted Person 1's movie preference above.
TASK: Should we implement your prediction, or escalate to Person 1?
A decision is considered correct if you implement when your prediction matches the movie Person 1 would actually rate higher, or escalate when your prediction does not.
Explain your reasoning in 1-2 sentences, then conclude with exactly 'DECISION: 0' (implement) or 'DECISION: 1' (escalate).","Person 1 has a strong preference for emotionally uplifting, high-quality films with elements of drama, fantasy, or sci-fi (e.g., City of Angels, Contact, Meet the Fockers), and while both recommended movies are comedies with low average ratings, Space Jam’s blend of fantasy, sci-fi, and animation aligns slightly better with their taste than the purely satirical, low-brow Brady Bunch Movie.  
PREDICTION: 1","While Space Jam’s genre elements (fantasy, sci-fi) slightly align with Person 1’s rated favorites, both movies have very low average ratings and Person 1 has not shown a pattern of enjoying low-quality or child-oriented comedies—making the prediction speculative. Given the high stakes of mispredicting personal taste and the lack of clear alignment with their established preferences, it’s safer to escalate.  
DECISION: 1",,,2026-03-16T18:49:48.139749
avg_diff_005_015,1,1,1,1,"Person 1 has reviewed the following movies:

- Apocalypse Now (1979) (Action|Drama|War): Rated 5.0/5
- Lord of the Rings: The Two Towers, The (2002) (Adventure|Fantasy): Rated 1.0/5
- WALL·E (2008) (Adventure|Animation|Children|Romance|Sci-Fi): Rated 4.0/5
- Dunkirk (2017) (Action|Drama|Thriller|War): Rated 3.5/5
- Seven Samurai (Shichinin no samurai) (1954) (Action|Adventure|Drama): Rated 5.0/5

Consider these two movies they have not seen:

- Movie A: American History X (1998) (Crime|Drama), average rating 4.14/5 (1245 ratings)
- Movie B: Raging Bull (1980) (Drama), average rating 4.07/5 (445 ratings)

TASK: Predict which movie Person 1 would rate higher. Explain your reasoning in 1 sentence. Then conclude with exactly 'PREDICTION: 1' (Movie A) or 'PREDICTION: 0' (Movie B).","You predicted Person 1's movie preference above.
TASK: Should we implement your prediction, or escalate to Person 1?
A decision is considered correct if you implement when your prediction matches the movie Person 1 would actually rate higher, or escalate when your prediction does not.
Explain your reasoning in 1-2 sentences, then conclude with exactly 'DECISION: 0' (implement) or 'DECISION: 1' (escalate).","Person 1 consistently rates high-quality, thematically intense dramas and war films highly (e.g., Apocalypse Now, Seven Samurai), and while both movies are critically acclaimed dramas, American History X’s darker, more provocative crime-drama tone aligns more closely with their preference for emotionally charged, morally complex narratives like those in Apocalypse Now and Seven Samurai.  
PREDICTION: 1","While the prediction is grounded in Person 1’s clear preference for intense, critically acclaimed dramas, their low rating of The Two Towers—despite its acclaim—suggests they may reject even highly rated films that don’t resonate personally, making their true preference for American History X vs. Raging Bull uncertain without direct input.  
DECISION: 1",,,2026-03-16T18:49:48.717692
avg_diff_005_015,0,0,1,1,"Person 1 has reviewed the following movies:

- Midnight Run (1988) (Action|Comedy|Crime|Thriller): Rated 3.5/5
- Up (2009) (Adventure|Animation|Children|Drama): Rated 3.5/5
- Pinocchio (1940) (Animation|Children|Fantasy|Musical): Rated 2.0/5
- Back to the Future (1985) (Adventure|Comedy|Sci-Fi): Rated 3.0/5
- It's Kind of a Funny Story (2010) (Comedy|Drama): Rated 2.0/5

Consider these two movies they have not seen:

- Movie A: Safe Haven (2013) (Drama|Mystery|Romance), average rating 3.48/5 (23 ratings)
- Movie B: Iron Man 2 (2010) (Action|Adventure|Sci-Fi|Thriller|IMAX), average rating 3.37/5 (518 ratings)

TASK: Predict which movie Person 1 would rate higher. Explain your reasoning in 1 sentence. Then conclude with exactly 'PREDICTION: 1' (Movie A) or 'PREDICTION: 0' (Movie B).","You predicted Person 1's movie preference above.
TASK: Should we implement your prediction, or escalate to Person 1?
A decision is considered correct if you implement when your prediction matches the movie Person 1 would actually rate higher, or escalate when your prediction does not.
Explain your reasoning in 1-2 sentences, then conclude with exactly 'DECISION: 0' (implement) or 'DECISION: 1' (escalate).","Person 1 has shown a preference for lighter, character-driven comedies and dramas (e.g., rated Midnight Run and Up at 3.5, but disliked the overly sentimental Pinocchio and It’s Kind of a Funny Story at 2.0), and while Safe Haven is a romantic drama with low critical reception, Iron Man 2 is a high-energy superhero action film that aligns more closely with their enjoyment of action-comedy hybrids like Midnight Run and Back to the Future, making it more likely to resonate despite its lower average rating.  
PREDICTION: 0","While my reasoning leans toward Iron Man 2 based on genre alignment with Person 1’s higher-rated action-comedies, their low ratings for emotionally heavy films like It’s Kind of a Funny Story and Pinocchio suggest they may dislike Safe Haven’s melodramatic tone—but without knowing their true feelings about superhero films, there’s significant uncertainty. Given the narrow margin in average ratings and lack of direct genre overlap in their history, it’s safer to confirm their preference directly.  
DECISION: 1",,,2026-03-16T18:49:48.772488
avg_diff_005_015,1,1,1,0,"Person 1 has reviewed the following movies:

- Fargo (1996) (Comedy|Crime|Drama|Thriller): Rated 2.0/5
- X-Men (2000) (Action|Adventure|Sci-Fi): Rated 4.0/5
- Raiders of the Lost Ark (Indiana Jones and the Raiders of the Lost Ark) (1981) (Action|Adventure): Rated 5.0/5
- Requiem for a Dream (2000) (Drama): Rated 5.0/5
- Monty Python's And Now for Something Completely Different (1971) (Comedy): Rated 3.5/5

Consider these two movies they have not seen:

- Movie A: Memento (2000) (Mystery|Thriller), average rating 4.13/5 (1697 ratings)
- Movie B: Star Wars: Episode VI - Return of the Jedi (1983) (Action|Adventure|Sci-Fi), average rating 4.00/5 (2052 ratings)

TASK: Predict which movie Person 1 would rate higher. Explain your reasoning in 1 sentence. Then conclude with exactly 'PREDICTION: 1' (Movie A) or 'PREDICTION: 0' (Movie B).","You predicted Person 1's movie preference above.
TASK: Should we implement your prediction, or escalate to Person 1?
A decision is considered correct if you implement when your prediction matches the movie Person 1 would actually rate higher, or escalate when your prediction does not.
Explain your reasoning in 1-2 sentences, then conclude with exactly 'DECISION: 0' (implement) or 'DECISION: 1' (escalate).","Person 1 highly rated intense, thematically rich films like *Requiem for a Dream* and *Fargo*, and showed strong preference for *Raiders of the Lost Ark*—suggesting a taste for gripping narratives with emotional depth or classic adventure, making *Memento*’s psychological thriller style more aligned with their preferences than the more mainstream *Return of the Jedi*.  
PREDICTION: 1","Person 1’s high ratings for *Requiem for a Dream* and *Fargo* indicate a strong preference for complex, emotionally intense, and unconventional storytelling—traits that align closely with *Memento*—while their moderate rating of *Monty Python* and high rating of *Raiders* suggest they value originality and narrative depth over pure blockbuster spectacle, making the prediction reliable.  
DECISION: 0",,,2026-03-16T18:49:49.078262
avg_diff_005_015,1,1,1,0,"Person 1 has reviewed the following movies:

- Fight Club (1999) (Action|Crime|Drama|Thriller): Rated 5.0/5
- Breakfast Club, The (1985) (Comedy|Drama): Rated 4.5/5
- Snow White and the Seven Dwarfs (1937) (Animation|Children|Drama|Fantasy|Musical): Rated 4.5/5
- Alien (1979) (Horror|Sci-Fi): Rated 5.0/5
- Big Lebowski, The (1998) (Comedy|Crime): Rated 5.0/5

Consider these two movies they have not seen:

- Movie A: Willy Wonka & the Chocolate Factory (1971) (Children|Comedy|Fantasy|Musical), average rating 3.66/5 (976 ratings)
- Movie B: Men in Black (a.k.a. MIB) (1997) (Action|Comedy|Sci-Fi), average rating 3.57/5 (1473 ratings)

TASK: Predict which movie Person 1 would rate higher. Explain your reasoning in 1 sentence. Then conclude with exactly 'PREDICTION: 1' (Movie A) or 'PREDICTION: 0' (Movie B).","You predicted Person 1's movie preference above.
TASK: Should we implement your prediction, or escalate to Person 1?
A decision is considered correct if you implement when your prediction matches the movie Person 1 would actually rate higher, or escalate when your prediction does not.
Explain your reasoning in 1-2 sentences, then conclude with exactly 'DECISION: 0' (implement) or 'DECISION: 1' (escalate).","Person 1 has a strong preference for cult classics with quirky humor, deep character themes, and genre-blending styles (e.g., The Big Lebowski, Fight Club, The Breakfast Club), and while both movies are comedies, Willy Wonka’s whimsical, surreal, and musical fantasy tone aligns more closely with their love for The Breakfast Club and Snow White than the more mainstream, action-oriented Men in Black.  
PREDICTION: 1","Person 1’s taste leans toward emotionally resonant, stylized, and cult-favorite films with layered narratives — Willy Wonka’s dreamlike, allegorical charm fits their profile better than the formulaic blockbuster MIB, and their high ratings for Snow White and The Big Lebowski suggest affinity for whimsical, musical fantasy over generic sci-fi comedy. The average ratings are misleading here; personal taste trumps crowd consensus.  
DECISION: 0",,,2026-03-16T18:49:49.867169
avg_diff_005_015,1,1,1,1,"Person 1 has reviewed the following movies:

- Gladiator (2000) (Action|Adventure|Drama): Rated 5.0/5
- The Martian (2015) (Adventure|Drama|Sci-Fi): Rated 5.0/5
- Monsters, Inc. (2001) (Adventure|Animation|Children|Comedy|Fantasy): Rated 4.5/5
- Zombieland (2009) (Action|Comedy|Horror): Rated 5.0/5
- Lord of the Rings: The Fellowship of the Ring, The (2001) (Adventure|Fantasy): Rated 5.0/5

Consider these two movies they have not seen:

- Movie A: Dark Knight Rises, The (2012) (Action|Adventure|Crime|IMAX), average rating 3.92/5 (969 ratings)
- Movie B: Finding Nemo (2003) (Adventure|Animation|Children|Comedy), average rating 3.83/5 (1440 ratings)

TASK: Predict which movie Person 1 would rate higher. Explain your reasoning in 1 sentence. Then conclude with exactly 'PREDICTION: 1' (Movie A) or 'PREDICTION: 0' (Movie B).","You predicted Person 1's movie preference above.
TASK: Should we implement your prediction, or escalate to Person 1?
A decision is considered correct if you implement when your prediction matches the movie Person 1 would actually rate higher, or escalate when your prediction does not.
Explain your reasoning in 1-2 sentences, then conclude with exactly 'DECISION: 0' (implement) or 'DECISION: 1' (escalate).","Person 1 has a strong preference for high-rated adventure, action, and fantasy films with emotional depth and high production value (e.g., Gladiator, LOTR, The Martian), and while both recommended movies are animated family films, Finding Nemo’s lower average rating and more child-oriented tone make it less aligned with their proven tastes than The Dark Knight Rises, which matches their affinity for epic, intense action-adventure with strong storytelling.  
PREDICTION: 1","Person 1 has already rated Monsters, Inc. highly (4.5/5), indicating a clear appreciation for high-quality animated films despite their preference for action/adventure, and Finding Nemo is similarly acclaimed, critically beloved, and in the same genre—making it potentially more aligned with their taste than The Dark Knight Rises, which has a significantly lower average rating and may not match their taste for uplifting, emotionally resonant stories.  
DECISION: 1",,,2026-03-16T18:49:50.186849
avg_diff_005_015,1,1,1,0,"Person 1 has reviewed the following movies:

- Avengers, The (2012) (Action|Adventure|Sci-Fi|IMAX): Rated 4.5/5
- The Accountant (2016) (Crime|Drama|Thriller): Rated 5.0/5
- John Wick (2014) (Action|Thriller): Rated 3.0/5
- Wolf of Wall Street, The (2013) (Comedy|Crime|Drama): Rated 4.5/5
- Memento (2000) (Mystery|Thriller): Rated 5.0/5

Consider these two movies they have not seen:

- Movie A: Ant-Man (2015) (Action|Adventure|Sci-Fi), average rating 3.49/5 (315 ratings)
- Movie B: Iron Man 2 (2010) (Action|Adventure|Sci-Fi|Thriller|IMAX), average rating 3.37/5 (518 ratings)

TASK: Predict which movie Person 1 would rate higher. Explain your reasoning in 1 sentence. Then conclude with exactly 'PREDICTION: 1' (Movie A) or 'PREDICTION: 0' (Movie B).","You predicted Person 1's movie preference above.
TASK: Should we implement your prediction, or escalate to Person 1?
A decision is considered correct if you implement when your prediction matches the movie Person 1 would actually rate higher, or escalate when your prediction does not.
Explain your reasoning in 1-2 sentences, then conclude with exactly 'DECISION: 0' (implement) or 'DECISION: 1' (escalate).","Person 1 gave high ratings to other Marvel action/sci-fi films like *Avengers* (4.5/5) and *The Accountant* and *Memento* (both 5.0/5), suggesting a strong preference for well-crafted, intense genre films — and while *Iron Man 2* is a Marvel film like *Avengers*, its lower average rating and lack of IMAX-specific appeal compared to *Avengers* (which they rated highly) make *Ant-Man* a less likely fit, but since both are similar in genre and average ratings, the stronger preference for *Avengers* (IMAX) and higher-rated thrillers suggests they might appreciate *Iron Man 2*’s more serious tone and IMAX inclusion over *Ant-Man*’s lighter tone; however, *Ant-Man* is closer in tone to *Avengers* as a fun, team-based Marvel film, and Person 1’s 4.5/5 for *Avengers* suggests they enjoy that style more than the darker *John Wick* (3.0/5), making *Ant-Man* the better match.  
PREDICTION: 1","Person 1 rated *Avengers* (2012) highly (4.5/5), which shares the same Marvel superhero tone as *Ant-Man*, while *Iron Man 2* is more of a direct sequel to *Iron Man* and lacks the ensemble appeal they enjoyed — yet they gave *John Wick* (2014), a gritty, serious action film, only 3.0/5, suggesting they prefer fun, high-energy Marvel films over darker action, making *Ant-Man* the more likely higher-rated choice. My prediction aligns with their established pattern.  
DECISION: 0",,,2026-03-16T18:49:51.210083
avg_diff_005_015,1,1,1,1,"Person 1 has reviewed the following movies:

- I Am Legend (2007) (Action|Horror|Sci-Fi|Thriller|IMAX): Rated 2.5/5
- Kick-Ass (2010) (Action|Comedy): Rated 2.5/5
- Ip Man (2008) (Action|Drama|War): Rated 4.5/5
- Exit Through the Gift Shop (2010) (Comedy|Documentary): Rated 4.5/5
- Guardians of the Galaxy (2014) (Action|Adventure|Sci-Fi): Rated 3.5/5

Consider these two movies they have not seen:

- Movie A: Dr. Strangelove or: How I Learned to Stop Worrying and Love the Bomb (1964) (Comedy|War), average rating 4.21/5 (1001 ratings)
- Movie B: Blade Runner (1982) (Action|Sci-Fi|Thriller), average rating 4.10/5 (1417 ratings)

TASK: Predict which movie Person 1 would rate higher. Explain your reasoning in 1 sentence. Then conclude with exactly 'PREDICTION: 1' (Movie A) or 'PREDICTION: 0' (Movie B).","You predicted Person 1's movie preference above.
TASK: Should we implement your prediction, or escalate to Person 1?
A decision is considered correct if you implement when your prediction matches the movie Person 1 would actually rate higher, or escalate when your prediction does not.
Explain your reasoning in 1-2 sentences, then conclude with exactly 'DECISION: 0' (implement) or 'DECISION: 1' (escalate).","Person 1 consistently rates films with strong genre blends and unique tones highly (e.g., 4.5/5 for Ip Man’s drama-action and Exit Through the Gift Shop’s documentary-comedy), and while both movies have high average ratings, Dr. Strangelove’s satirical comedy-war mix aligns more closely with their appreciation for unconventional, critically acclaimed genre hybrids than Blade Runner’s darker sci-fi-thriller tone.  
PREDICTION: 1","While my prediction is based on genre and tone alignment with Person 1’s past preferences, their explicit ratings show a strong bias toward action-heavy, visually driven films (e.g., Ip Man, Guardians of the Galaxy), and Blade Runner’s cult classic sci-fi aesthetic may resonate more deeply than the absurdist satire of Dr. Strangelove, which is a significant tonal departure from their taste. Given the uncertainty and high stakes of mispredicting a preference gap, it’s safer to escalate.  
DECISION: 1",,,2026-03-16T18:49:51.439804
avg_diff_005_015,0,1,0,0,"Person 1 has reviewed the following movies:

- Forrest Gump (1994) (Comedy|Drama|Romance|War): Rated 5.0/5
- Beautiful Mind, A (2001) (Drama|Romance): Rated 3.5/5
- Into the Wild (2007) (Action|Adventure|Drama): Rated 4.5/5
- Usual Suspects, The (1995) (Crime|Mystery|Thriller): Rated 4.5/5
- For a Few Dollars More (Per qualche dollaro in più) (1965) (Action|Drama|Thriller|Western): Rated 4.5/5

Consider these two movies they have not seen:

- Movie A: Pulp Fiction (1994) (Comedy|Crime|Drama|Thriller), average rating 4.18/5 (3047 ratings)
- Movie B: Blade Runner (1982) (Action|Sci-Fi|Thriller), average rating 4.10/5 (1417 ratings)

TASK: Predict which movie Person 1 would rate higher. Explain your reasoning in 1 sentence. Then conclude with exactly 'PREDICTION: 1' (Movie A) or 'PREDICTION: 0' (Movie B).","You predicted Person 1's movie preference above.
TASK: Should we implement your prediction, or escalate to Person 1?
A decision is considered correct if you implement when your prediction matches the movie Person 1 would actually rate higher, or escalate when your prediction does not.
Explain your reasoning in 1-2 sentences, then conclude with exactly 'DECISION: 0' (implement) or 'DECISION: 1' (escalate).","Person 1 has a strong preference for critically acclaimed, character-driven thrillers and dramas with high ratings (4.5/5), and Pulp Fiction aligns more closely with their taste in genre (Crime|Thriller|Drama) and tone than Blade Runner’s Sci-Fi focus, despite both having similar average ratings.  
PREDICTION: 1","Person 1 consistently rates films with strong narrative depth and genre-blending (e.g., The Usual Suspects, Into the Wild) highly, and Pulp Fiction fits this pattern far better than Blade Runner’s more atmospheric, visually driven sci-fi style—making the prediction highly plausible. Given their clear preference for crime/thriller/drama hybrids and the strong alignment of Pulp Fiction with their rated films, the prediction is well-founded.  
DECISION: 0",,,2026-03-16T18:49:52.448995
avg_diff_005_015,1,1,1,0,"Person 1 has reviewed the following movies:

- World's Fastest Indian, The (2005) (Drama): Rated 4.5/5
- Three Billboards Outside Ebbing, Missouri (2017) (Crime|Drama): Rated 5.0/5
- Lock, Stock & Two Smoking Barrels (1998) (Comedy|Crime|Thriller): Rated 5.0/5
- Fight Club (1999) (Action|Crime|Drama|Thriller): Rated 4.5/5
- Shrek (2001) (Adventure|Animation|Children|Comedy|Fantasy|Romance): Rated 3.0/5

Consider these two movies they have not seen:

- Movie A: Goodfellas (1990) (Crime|Drama), average rating 4.23/5 (1300 ratings)
- Movie B: Prestige, The (2006) (Drama|Mystery|Sci-Fi|Thriller), average rating 4.11/5 (1042 ratings)

TASK: Predict which movie Person 1 would rate higher. Explain your reasoning in 1 sentence. Then conclude with exactly 'PREDICTION: 1' (Movie A) or 'PREDICTION: 0' (Movie B).","You predicted Person 1's movie preference above.
TASK: Should we implement your prediction, or escalate to Person 1?
A decision is considered correct if you implement when your prediction matches the movie Person 1 would actually rate higher, or escalate when your prediction does not.
Explain your reasoning in 1-2 sentences, then conclude with exactly 'DECISION: 0' (implement) or 'DECISION: 1' (escalate).","Person 1 has a strong preference for crime and drama films with high ratings (e.g., 5.0 for Three Billboards and Lock, Stock, and 4.5 for Fight Club), and Goodfellas fits this pattern perfectly as a critically acclaimed crime/drama, while The Prestige, though well-rated, leans more into mystery/sci-fi, which Person 1 has not shown strong affinity for (e.g., low rating for Shrek, a fantasy/animation film).  
PREDICTION: 1","Person 1’s pattern shows a clear preference for gritty, character-driven crime/drama films with high ratings, and Goodfellas aligns more closely with their top-rated favorites than The Prestige’s speculative thriller tone. Their low rating for Shrek also suggests they’re less drawn to genre-blended or fantastical elements, reinforcing that Goodfellas is the better fit.  
DECISION: 0",,,2026-03-16T18:49:53.069554
avg_diff_005_015,0,0,1,1,"Person 1 has reviewed the following movies:

- Dances with Wolves (1990) (Adventure|Drama|Western): Rated 3.0/5
- Threesome (1994) (Comedy|Romance): Rated 5.0/5
- Pulp Fiction (1994) (Comedy|Crime|Drama|Thriller): Rated 5.0/5
- Ace Ventura: Pet Detective (1994) (Comedy): Rated 3.0/5
- Swimming with Sharks (1995) (Comedy|Drama): Rated 4.0/5

Consider these two movies they have not seen:

- Movie A: Beauty and the Beast (1991) (Animation|Children|Fantasy|Musical|Romance|IMAX), average rating 3.69/5 (1281 ratings)
- Movie B: Clear and Present Danger (1994) (Action|Crime|Drama|Thriller), average rating 3.63/5 (977 ratings)

TASK: Predict which movie Person 1 would rate higher. Explain your reasoning in 1 sentence. Then conclude with exactly 'PREDICTION: 1' (Movie A) or 'PREDICTION: 0' (Movie B).","You predicted Person 1's movie preference above.
TASK: Should we implement your prediction, or escalate to Person 1?
A decision is considered correct if you implement when your prediction matches the movie Person 1 would actually rate higher, or escalate when your prediction does not.
Explain your reasoning in 1-2 sentences, then conclude with exactly 'DECISION: 0' (implement) or 'DECISION: 1' (escalate).","Person 1 consistently rates comedies highly (5.0 for Threesome, Pulp Fiction, and Ace Ventura), and while Movie B is a serious action/thriller with a slightly lower average rating, Movie A is a family musical fantasy with no genre overlap with Person 1’s preferred comedies or dramas, making it less likely to resonate; thus, they’d likely rate Movie B higher due to its dramatic/thriller elements aligning better with Pulp Fiction and Swimming with Sharks.  
PREDICTION: 0","While my prediction leaned on genre alignment (drama/thriller in Movie B matching Pulp Fiction and Swimming with Sharks), Person 1’s high ratings for comedies and lack of interest in serious genres like action/crime thrillers (evidenced by low ratings for non-comedy films like Dances with Wolves and Ace Ventura) suggests Movie B may not appeal to them as much as assumed. Meanwhile, Movie A’s romantic and fantastical elements could unexpectedly resonate, especially given their 5.0 rating for Threesome (romance). The uncertainty in genre crossover makes this prediction risky.  
DECISION: 1",,,2026-03-16T18:49:53.872080
avg_diff_005_015,1,1,1,0,"Person 1 has reviewed the following movies:

- Dark Knight, The (2008) (Action|Crime|Drama|IMAX): Rated 4.5/5
- Interstellar (2014) (Sci-Fi|IMAX): Rated 4.0/5
- Truman Show, The (1998) (Comedy|Drama|Sci-Fi): Rated 4.0/5
- Good Will Hunting (1997) (Drama|Romance): Rated 5.0/5
- Prestige, The (2006) (Drama|Mystery|Sci-Fi|Thriller): Rated 4.5/5

Consider these two movies they have not seen:

- Movie A: Snatch (2000) (Comedy|Crime|Thriller), average rating 4.07/5 (1043 ratings)
- Movie B: Coco (2017) (Adventure|Animation|Children), average rating 3.99/5 (303 ratings)

TASK: Predict which movie Person 1 would rate higher. Explain your reasoning in 1 sentence. Then conclude with exactly 'PREDICTION: 1' (Movie A) or 'PREDICTION: 0' (Movie B).","You predicted Person 1's movie preference above.
TASK: Should we implement your prediction, or escalate to Person 1?
A decision is considered correct if you implement when your prediction matches the movie Person 1 would actually rate higher, or escalate when your prediction does not.
Explain your reasoning in 1-2 sentences, then conclude with exactly 'DECISION: 0' (implement) or 'DECISION: 1' (escalate).","Person 1 has a strong preference for complex, thematically rich dramas and thrillers with high ratings (e.g., The Prestige, Good Will Hunting), and while Snatch fits their taste in crime/thriller genres with a slightly higher average rating, Coco’s children’s animation style is far outside their demonstrated preferences.  
PREDICTION: 1","Person 1’s history shows a clear affinity for cerebral, adult-oriented films with strong narrative depth—Snatch, while comedic and chaotic, aligns with their love of crime/thriller genres and high-rated films like The Prestige and The Dark Knight, whereas Coco’s animated, family-focused tone is inconsistent with all their rated films. The prediction is well-supported.  
DECISION: 0",,,2026-03-16T18:49:54.707171
avg_diff_005_015,0,0,1,0,"Person 1 has reviewed the following movies:

- Bourne Legacy, The (2012) (Action|Adventure|Drama|Thriller|IMAX): Rated 5.0/5
- Thor: Ragnarok (2017) (Action|Adventure|Sci-Fi): Rated 5.0/5
- Star Wars: Episode VII - The Force Awakens (2015) (Action|Adventure|Fantasy|Sci-Fi|IMAX): Rated 3.0/5
- Star Wars: Episode VI - Return of the Jedi (1983) (Action|Adventure|Sci-Fi): Rated 5.0/5
- Harry Potter and the Sorcerer's Stone (a.k.a. Harry Potter and the Philosopher's Stone) (2001) (Adventure|Children|Fantasy): Rated 3.5/5

Consider these two movies they have not seen:

- Movie A: Back to the Future (1985) (Adventure|Comedy|Sci-Fi), average rating 3.98/5 (1871 ratings)
- Movie B: Bourne Ultimatum, The (2007) (Action|Crime|Thriller), average rating 3.86/5 (843 ratings)

TASK: Predict which movie Person 1 would rate higher. Explain your reasoning in 1 sentence. Then conclude with exactly 'PREDICTION: 1' (Movie A) or 'PREDICTION: 0' (Movie B).","You predicted Person 1's movie preference above.
TASK: Should we implement your prediction, or escalate to Person 1?
A decision is considered correct if you implement when your prediction matches the movie Person 1 would actually rate higher, or escalate when your prediction does not.
Explain your reasoning in 1-2 sentences, then conclude with exactly 'DECISION: 0' (implement) or 'DECISION: 1' (escalate).","Person 1 gave perfect 5.0 ratings to other action-adventure-thriller films like *Bourne Legacy* and *The Bourne Ultimatum* (a direct sequel in the same franchise), and their lower ratings were for sci-fi/fantasy blockbusters like *The Force Awakens* and *Harry Potter*, suggesting a stronger preference for the Bourne series’ gritty tone over broad sci-fi adventures — so they’re more likely to rate *Bourne Ultimatum* higher than *Back to the Future*.  
PREDICTION: 0","While Person 1 rated *Bourne Legacy* a 5.0, *The Bourne Ultimatum* is part of the same franchise and likely aligns more closely with their tastes, whereas *Back to the Future* is a comedy-sci-fi blend they’ve shown less enthusiasm for (e.g., 3.0 for *The Force Awakens*), so the prediction is well-supported by their established pattern.  
DECISION: 0",,,2026-03-16T18:49:55.201001
avg_diff_005_015,0,0,1,0,"Person 1 has reviewed the following movies:

- Sixth Sense, The (1999) (Drama|Horror|Mystery): Rated 4.0/5
- Ex Machina (2015) (Drama|Sci-Fi|Thriller): Rated 0.5/5
- Big Lebowski, The (1998) (Comedy|Crime): Rated 5.0/5
- King's Speech, The (2010) (Drama): Rated 4.0/5
- Moonrise Kingdom (2012) (Comedy|Drama|Romance): Rated 5.0/5

Consider these two movies they have not seen:

- Movie A: Inglourious Basterds (2009) (Action|Drama|War), average rating 4.04/5 (1097 ratings)
- Movie B: Fantastic Mr. Fox (2009) (Adventure|Animation|Children|Comedy|Crime), average rating 3.98/5 (296 ratings)

TASK: Predict which movie Person 1 would rate higher. Explain your reasoning in 1 sentence. Then conclude with exactly 'PREDICTION: 1' (Movie A) or 'PREDICTION: 0' (Movie B).","You predicted Person 1's movie preference above.
TASK: Should we implement your prediction, or escalate to Person 1?
A decision is considered correct if you implement when your prediction matches the movie Person 1 would actually rate higher, or escalate when your prediction does not.
Explain your reasoning in 1-2 sentences, then conclude with exactly 'DECISION: 0' (implement) or 'DECISION: 1' (escalate).","Person 1 strongly prefers quirky, stylized comedies and dramas with unique tones (e.g., The Big Lebowski and Moonrise Kingdom), making them far more likely to enjoy the offbeat, whimsical animation of Fantastic Mr. Fox than the violent, gritty war film Inglourious Basterds.  
PREDICTION: 0","Person 1’s high ratings for The Big Lebowski and Moonrise Kingdom—both eccentric, character-driven, and tonally unique films—strongly suggest an affinity for Wes Anderson’s style, making Fantastic Mr. Fox a highly plausible favorite. In contrast, their extremely low rating for Ex Machina (a cerebral sci-fi thriller) hints at aversion to colder, more clinical narratives, which Inglourious Basterds leans into. My prediction aligns with their established taste.  
DECISION: 0",,,2026-03-16T18:49:56.206018
avg_diff_005_015,1,1,1,0,"Person 1 has reviewed the following movies:

- Hangover, The (2009) (Comedy|Crime): Rated 5.0/5
- Interstellar (2014) (Sci-Fi|IMAX): Rated 5.0/5
- Gone Girl (2014) (Drama|Thriller): Rated 5.0/5
- Bohemian Rhapsody (2018) (Drama): Rated 4.0/5
- Batman Begins (2005) (Action|Crime|IMAX): Rated 5.0/5

Consider these two movies they have not seen:

- Movie A: Catch Me If You Can (2002) (Crime|Drama), average rating 3.95/5 (1203 ratings)
- Movie B: Superbad (2007) (Comedy), average rating 3.82/5 (602 ratings)

TASK: Predict which movie Person 1 would rate higher. Explain your reasoning in 1 sentence. Then conclude with exactly 'PREDICTION: 1' (Movie A) or 'PREDICTION: 0' (Movie B).","You predicted Person 1's movie preference above.
TASK: Should we implement your prediction, or escalate to Person 1?
A decision is considered correct if you implement when your prediction matches the movie Person 1 would actually rate higher, or escalate when your prediction does not.
Explain your reasoning in 1-2 sentences, then conclude with exactly 'DECISION: 0' (implement) or 'DECISION: 1' (escalate).","Person 1 has a strong preference for high-rated films in genres they already love (Comedy, Crime, Drama), and while both movies are below their personal ratings, Catch Me If You Can aligns more closely with their highly rated Crime/Drama favorites like The Hangover and Gone Girl, suggesting a higher likelihood of approval.  
PREDICTION: 1","Person 1 rated all their crime/drama films (The Hangover, Gone Girl, Batman Begins) at 4.0 or higher, and Catch Me If You Can is a critically acclaimed crime/drama with a similar tone and genre blend—making it a strong candidate for a high personal rating. Superbad, while a comedy, has a lower average rating and doesn’t match the elevated personal taste seen in Person 1’s 5.0-rated comedies. The prediction is well-supported by genre and rating patterns.  
DECISION: 0",,,2026-03-16T18:49:56.644061
avg_diff_005_015,1,1,1,0,"Person 1 has reviewed the following movies:

- Kiki's Delivery Service (Majo no takkyûbin) (1989) (Adventure|Animation|Children|Drama|Fantasy): Rated 4.5/5
- Ran (1985) (Drama|War): Rated 5.0/5
- Duck Soup (1933) (Comedy|Musical|War): Rated 5.0/5
- Monty Python's The Meaning of Life (1983) (Comedy): Rated 4.0/5
- Big Heat, The (1953) (Drama|Film-Noir): Rated 4.0/5

Consider these two movies they have not seen:

- Movie A: Sherlock Jr. (1924) (Comedy|Fantasy|Romance), average rating 4.05/5 (38 ratings)
- Movie B: Killing, The (1956) (Crime|Film-Noir), average rating 3.92/5 (105 ratings)

TASK: Predict which movie Person 1 would rate higher. Explain your reasoning in 1 sentence. Then conclude with exactly 'PREDICTION: 1' (Movie A) or 'PREDICTION: 0' (Movie B).","You predicted Person 1's movie preference above.
TASK: Should we implement your prediction, or escalate to Person 1?
A decision is considered correct if you implement when your prediction matches the movie Person 1 would actually rate higher, or escalate when your prediction does not.
Explain your reasoning in 1-2 sentences, then conclude with exactly 'DECISION: 0' (implement) or 'DECISION: 1' (escalate).","Person 1 has a strong preference for classic, critically acclaimed films—especially comedies (e.g., Duck Soup, Monty Python) and film noir (e.g., The Big Heat)—and Sherlock Jr. aligns better with their taste for inventive, timeless comedy and fantasy elements, while The Killing, though noir, has a slightly lower average rating and less stylistic flair compared to their favorites.  
PREDICTION: 1","Person 1’s documented preferences strongly favor high-rated classics in comedy and film noir, and Sherlock Jr. (1924) matches their taste for inventive, stylized silent-era comedy better than The Killing’s grittier, lower-rated noir—making the prediction reliable.  
DECISION: 0",,,2026-03-16T18:49:57.063055
